1.000000000000000000e+00 -1.610999999999999943e+01 -1.338799999999999955e+02 0.000000000000000000e+00 6.414953169656941734e-01 3.141592653589793116e+00
2.000000000000000000e+00 -1.394999999999999929e+01 -1.338799999999999955e+02 8.050000000000000711e+00 6.413778961651671606e-01 2.618210908146572535e+00
3.000000000000000000e+00 -8.050000000000000711e+00 -1.338799999999999955e+02 1.394999999999999929e+01 6.413778961651671606e-01 2.094178072238118027e+00
4.000000000000000000e+00 -0.000000000000000000e+00 -1.338799999999999955e+02 1.610999999999999943e+01 6.414953169656941734e-01 1.570796326794896558e+00
5.100000000000000000e+00 8.050000000000000711e+00 -1.338799999999999955e+02 1.394999999999999929e+01 6.413778961651671606e-01 1.047414581351675089e+00
6.200000000000000000e+00 1.394999999999999929e+01 -1.338799999999999955e+02 8.050000000000000711e+00 6.413778961651671606e-01 5.233817454432204697e-01
7.000000000000000000e+00 1.610999999999999943e+01 -1.338799999999999955e+02 0.000000000000000000e+00 6.414953169656941734e-01 0.000000000000000000e+00
8.000000000000000000e+00 1.394999999999999929e+01 -1.338799999999999955e+02 -8.050000000000000711e+00 6.413778961651671606e-01 -5.233817454432204697e-01
9.000000000000000000e+00 8.050000000000000711e+00 -1.338799999999999955e+02 -1.394999999999999929e+01 6.413778961651671606e-01 -1.047414581351675089e+00
1.000000000000000000e+01 0.000000000000000000e+00 -1.338799999999999955e+02 -1.610999999999999943e+01 6.414953169656941734e-01 -1.570796326794896558e+00
1.100000000000000000e+01 -8.050000000000000711e+00 -1.338799999999999955e+02 -1.394999999999999929e+01 6.413778961651671606e-01 -2.094178072238118027e+00
1.200000000000000000e+01 -1.394999999999999929e+01 -1.338799999999999955e+02 -8.050000000000000711e+00 6.413778961651671606e-01 -2.618210908146572535e+00
1.300000000000000000e+01 -8.470000000000000639e+00 -1.299900000000000091e+02 0.000000000000000000e+00 3.211612792733355981e-01 3.141592653589793116e+00
1.400000000000000000e+01 -4.230000000000000426e+00 -1.299900000000000091e+02 7.330000000000000071e+00 3.209125257733034253e-01 2.094192745214162876e+00
1.500000000000000000e+01 4.230000000000000426e+00 -1.299900000000000091e+02 7.330000000000000071e+00 3.209125257733034253e-01 1.047399908375630018e+00
1.600000000000000000e+01 8.470000000000000639e+00 -1.299900000000000091e+02 0.000000000000000000e+00 3.211612792733355981e-01 0.000000000000000000e+00
1.700000000000000000e+01 4.230000000000000426e+00 -1.299900000000000091e+02 -7.330000000000000071e+00 3.209125257733034253e-01 -1.047399908375630018e+00
1.800000000000000000e+01 -4.230000000000000426e+00 -1.299900000000000091e+02 -7.330000000000000071e+00 3.209125257733034253e-01 -2.094192745214162876e+00
1.900000000000000000e+01 -0.000000000000000000e+00 -1.286500000000000057e+02 0.000000000000000000e+00 0.000000000000000000e+00 0.000000000000000000e+00
