1.896516853930793900e+01 -1.289391435945763646e+02 0.000000000000000000e+00 1.017221967897851576e+00 0.000000000000000000e+00 0.000000000000000000e+00
0.000000000000000000e+00 -1.390653896705803447e+02 3.005486016977589969e+01 5.535743588970452045e-01 1.570796326794896558e+00 1.000000000000000000e+00
3.068628729897044494e+01 -1.554499999999999886e+02 1.857492511204693741e+01 0.000000000000000000e+00 5.535743588970450935e-01 2.000000000000000000e+00
3.068628729897044494e+01 -1.554499999999999886e+02 1.857492511204693741e+01 0.000000000000000000e+00 5.535743588970450935e-01 3.000000000000000000e+00
1.896516853930793900e+01 -1.289391435945763646e+02 0.000000000000000000e+00 1.017221967897851576e+00 0.000000000000000000e+00 4.000000000000000000e+00
1.896516853930793900e+01 -1.289391435945763646e+02 0.000000000000000000e+00 1.017221967897851576e+00 0.000000000000000000e+00 5.000000000000000000e+00
1.896516853930793900e+01 -1.289391435945763646e+02 0.000000000000000000e+00 1.017221967897851576e+00 0.000000000000000000e+00 6.000000000000000000e+00
0.000000000000000000e+00 -1.390653896705803447e+02 3.005486016977589969e+01 5.535743588970452045e-01 1.570796326794896558e+00 7.000000000000000000e+00
3.068628729897044494e+01 -1.554499999999999886e+02 1.857492511204693741e+01 0.000000000000000000e+00 5.535743588970450935e-01 8.000000000000000000e+00
0.000000000000000000e+00 -1.390653896705803447e+02 3.005486016977589969e+01 5.535743588970452045e-01 1.570796326794896558e+00 9.000000000000000000e+00
1.896516853930793900e+01 -1.289391435945763646e+02 0.000000000000000000e+00 1.017221967897851576e+00 0.000000000000000000e+00 1.000000000000000000e+01
0.000000000000000000e+00 -1.390653896705803447e+02 3.005486016977589969e+01 5.535743588970452045e-01 1.570796326794896558e+00 1.100000000000000000e+01
3.068628729897044494e+01 -1.554499999999999886e+02 1.857492511204693741e+01 0.000000000000000000e+00 5.535743588970450935e-01 1.200000000000000000e+01
1.896516853930793900e+01 -1.289391435945763646e+02 0.000000000000000000e+00 1.017221967897851576e+00 0.000000000000000000e+00 1.300000000000000000e+01
3.068628729897044494e+01 -1.554499999999999886e+02 1.857492511204693741e+01 0.000000000000000000e+00 5.535743588970450935e-01 1.400000000000000000e+01
1.896516853930793900e+01 -1.289391435945763646e+02 0.000000000000000000e+00 1.017221967897851576e+00 0.000000000000000000e+00 1.500000000000000000e+01
1.896516853930793900e+01 -1.289391435945763646e+02 0.000000000000000000e+00 1.017221967897851576e+00 0.000000000000000000e+00 1.600000000000000000e+01
0.000000000000000000e+00 -1.390653896705803447e+02 3.005486016977589969e+01 5.535743588970452045e-01 1.570796326794896558e+00 1.700000000000000000e+01
3.068628729897044494e+01 -1.554499999999999886e+02 1.857492511204693741e+01 0.000000000000000000e+00 5.535743588970450935e-01 1.800000000000000000e+01
0.000000000000000000e+00 -1.390653896705803447e+02 3.005486016977589969e+01 5.535743588970452045e-01 1.570796326794896558e+00 1.900000000000000000e+01
0.000000000000000000e+00 -1.390653896705803447e+02 3.005486016977589969e+01 5.535743588970452045e-01 1.570796326794896558e+00 2.000000000000000000e+01
1.896516853930793900e+01 -1.289391435945763646e+02 0.000000000000000000e+00 1.017221967897851576e+00 0.000000000000000000e+00 2.100000000000000000e+01
1.114744637464639077e+01 -1.302366772630567482e+02 1.766580356750672820e+01 9.424777960769378238e-01 1.017221967897851576e+00 2.200000000000000000e+01
2.918439349659104565e+01 -1.398673095792485412e+02 1.091806704329830424e+01 5.235987755982989267e-01 3.648638281134832795e-01 2.300000000000000000e+01
1.803694712194466021e+01 -1.458193676838081956e+02 2.858387061080503244e+01 3.141592653589793671e-01 1.017221967897851354e+00 2.400000000000000000e+01
3.607389424388931332e+01 -1.554499999999999886e+02 0.000000000000000000e+00 0.000000000000000000e+00 0.000000000000000000e+00 2.500000000000000000e+01
0.000000000000000000e+00 -1.242846191584970938e+02 0.000000000000000000e+00 1.570796326794896558e+00 1.570796326794896558e+00 2.600000000000000000e+01
0.000000000000000000e+00 -1.242846191584970938e+02 0.000000000000000000e+00 1.570796326794896558e+00 1.570796326794896558e+00 2.700000000000000000e+01
0.000000000000000000e+00 -1.554499999999999886e+02 3.533160713501345640e+01 0.000000000000000000e+00 1.570796326794896558e+00 2.800000000000000000e+01
1.803694712194466021e+01 -1.458193676838081956e+02 2.858387061080503244e+01 3.141592653589793671e-01 1.017221967897851354e+00 2.900000000000000000e+01
1.803694712194466021e+01 -1.458193676838081956e+02 2.858387061080503244e+01 3.141592653589793671e-01 1.017221967897851354e+00 3.000000000000000000e+01
1.114744637464639077e+01 -1.302366772630567482e+02 1.766580356750672820e+01 9.424777960769378238e-01 1.017221967897851576e+00 3.100000000000000000e+01
2.918439349659104565e+01 -1.398673095792485412e+02 1.091806704329830424e+01 5.235987755982989267e-01 3.648638281134832795e-01 3.200000000000000000e+01
3.607389424388931332e+01 -1.554499999999999886e+02 0.000000000000000000e+00 0.000000000000000000e+00 0.000000000000000000e+00 3.300000000000000000e+01
2.918439349659104565e+01 -1.398673095792485412e+02 1.091806704329830424e+01 5.235987755982989267e-01 3.648638281134832795e-01 3.400000000000000000e+01
0.000000000000000000e+00 -1.242846191584970938e+02 0.000000000000000000e+00 1.570796326794896558e+00 1.570796326794896558e+00 3.500000000000000000e+01
1.114744637464639077e+01 -1.302366772630567482e+02 1.766580356750672820e+01 9.424777960769378238e-01 1.017221967897851576e+00 3.600000000000000000e+01
0.000000000000000000e+00 -1.554499999999999886e+02 3.533160713501345640e+01 0.000000000000000000e+00 1.570796326794896558e+00 3.700000000000000000e+01
0.000000000000000000e+00 -1.242846191584970938e+02 0.000000000000000000e+00 1.570796326794896558e+00 1.570796326794896558e+00 3.800000000000000000e+01
1.114744637464639077e+01 -1.302366772630567482e+02 1.766580356750672820e+01 9.424777960769378238e-01 1.017221967897851576e+00 3.900000000000000000e+01
1.565205019130685038e+01 -1.285646082678689766e+02 9.182398967957070113e+00 1.040522244589970446e+00 5.396714366842702004e-01 4.000000000000000000e+01
2.502736357599066963e+01 -1.335704551801277375e+02 5.675034660459426838e+00 7.782671322731723462e-01 2.275087755102472575e-01 4.100000000000000000e+01
2.120370302931646833e+01 -1.340022666325783405e+02 1.502743008488794985e+01 7.589926887301077230e-01 6.263943865427191726e-01 4.200000000000000000e+01
5.794262326916414629e+00 -1.338280671964288331e+02 2.480442917736431241e+01 7.667251741389727870e-01 1.345876326255140976e+00 4.300000000000000000e+01
9.375313384683815698e+00 -1.419276976429422348e+02 3.047946383782373658e+01 4.488043063486745199e-01 1.278179287195480462e+00 4.400000000000000000e+01
1.534314364948522247e+01 -1.371314487592862008e+02 2.431489264091142033e+01 6.283185307179586232e-01 1.017221967897851354e+00 4.500000000000000000e+01
3.111981153007019785e+01 -1.473503695534865869e+02 1.532998030315073557e+01 2.629102679466088222e-01 4.660135680434380201e-01 4.600000000000000000e+01
2.532554920315378411e+01 -1.504441530877412276e+02 2.451237927110780745e+01 1.613208390827582106e-01 7.794763184617431451e-01 4.700000000000000000e+01
2.482572791913919374e+01 -1.421945717972881766e+02 2.076739761375242921e+01 4.393214017829958906e-01 7.068706518456997490e-01 4.800000000000000000e+01
2.120370302931646833e+01 -1.340022666325783405e+02 1.502743008488794985e+01 7.589926887301077230e-01 6.263943865427191726e-01 4.900000000000000000e+01
1.534314364948522247e+01 -1.371314487592862008e+02 2.431489264091142033e+01 6.283185307179586232e-01 1.017221967897851354e+00 5.000000000000000000e+01
2.482572791913919374e+01 -1.421945717972881766e+02 2.076739761375242921e+01 4.393214017829958906e-01 7.068706518456997490e-01 5.100000000000000000e+01
3.470086258783759803e+01 -1.554499999999999886e+02 9.654945642691313168e+00 0.000000000000000000e+00 2.767871794485222137e-01 5.200000000000000000e+01
9.857787864390438415e+00 -1.254708247336143359e+02 0.000000000000000000e+00 1.294009147346373956e+00 0.000000000000000000e+00 5.300000000000000000e+01
9.857787864390438415e+00 -1.254708247336143359e+02 0.000000000000000000e+00 1.294009147346373956e+00 0.000000000000000000e+00 5.400000000000000000e+01
0.000000000000000000e+00 -1.469335445552010242e+02 3.398682814532138252e+01 2.767871794485226578e-01 1.570796326794896558e+00 5.500000000000000000e+01
9.375313384683815698e+00 -1.419276976429422348e+02 3.047946383782373658e+01 4.488043063486745199e-01 1.278179287195480462e+00 5.600000000000000000e+01
9.482584269653973053e+00 -1.503868769619980128e+02 3.360235519693489437e+01 1.631831109033042848e-01 1.301135328766271471e+00 5.700000000000000000e+01
2.532554920315378411e+01 -1.504441530877412276e+02 2.451237927110780745e+01 1.613208390827582106e-01 7.794763184617431451e-01 5.800000000000000000e+01
1.896516853930794611e+01 -1.554499999999999886e+02 3.005486016977589259e+01 0.000000000000000000e+00 1.017221967897851354e+00 5.900000000000000000e+01
9.482584269653973053e+00 -1.503868769619980128e+02 3.360235519693489437e+01 1.631831109033042848e-01 1.301135328766271471e+00 6.000000000000000000e+01
1.896516853930794611e+01 -1.554499999999999886e+02 3.005486016977589259e+01 0.000000000000000000e+00 1.017221967897851354e+00 6.100000000000000000e+01
9.375313384683815698e+00 -1.419276976429422348e+02 3.047946383782373658e+01 4.488043063486745199e-01 1.278179287195480462e+00 6.200000000000000000e+01
5.794262326916414629e+00 -1.338280671964288331e+02 2.480442917736431241e+01 7.667251741389727870e-01 1.345876326255140976e+00 6.300000000000000000e+01
1.534314364948522247e+01 -1.371314487592862008e+02 2.431489264091142033e+01 6.283185307179586232e-01 1.017221967897851354e+00 6.400000000000000000e+01
2.532554920315378411e+01 -1.504441530877412276e+02 2.451237927110780745e+01 1.613208390827582106e-01 7.794763184617431451e-01 6.500000000000000000e+01
3.111981153007019785e+01 -1.473503695534865869e+02 1.532998030315073557e+01 2.629102679466088222e-01 4.660135680434380201e-01 6.600000000000000000e+01
2.482572791913919374e+01 -1.421945717972881766e+02 2.076739761375242921e+01 4.393214017829958906e-01 7.068706518456997490e-01 6.700000000000000000e+01
1.565205019130685038e+01 -1.285646082678689766e+02 9.182398967957070113e+00 1.040522244589970446e+00 5.396714366842702004e-01 6.800000000000000000e+01
2.502736357599066963e+01 -1.335704551801277375e+02 5.675034660459426838e+00 7.782671322731723462e-01 2.275087755102472575e-01 6.900000000000000000e+01
2.120370302931646833e+01 -1.340022666325783405e+02 1.502743008488794985e+01 7.589926887301077230e-01 6.263943865427191726e-01 7.000000000000000000e+01
1.534314364948522247e+01 -1.371314487592862008e+02 2.431489264091142033e+01 6.283185307179586232e-01 1.017221967897851354e+00 7.100000000000000000e+01
2.482572791913919374e+01 -1.421945717972881766e+02 2.076739761375242921e+01 4.393214017829958906e-01 7.068706518456997490e-01 7.200000000000000000e+01
2.120370302931646833e+01 -1.340022666325783405e+02 1.502743008488794985e+01 7.589926887301077230e-01 6.263943865427191726e-01 7.300000000000000000e+01
3.470086258783759803e+01 -1.554499999999999886e+02 9.654945642691313168e+00 0.000000000000000000e+00 2.767871794485222137e-01 7.400000000000000000e+01
3.111981153007019785e+01 -1.473503695534865869e+02 1.532998030315073557e+01 2.629102679466088222e-01 4.660135680434380201e-01 7.500000000000000000e+01
3.430831218879316680e+01 -1.472576948352901525e+02 5.739967528864477586e+00 2.659910103709830498e-01 1.691873987524928902e-01 7.600000000000000000e+01
2.502736357599066963e+01 -1.335704551801277375e+02 5.675034660459426838e+00 7.782671322731723462e-01 2.275087755102472575e-01 7.700000000000000000e+01
3.068628729897044138e+01 -1.390653896705803447e+02 0.000000000000000000e+00 5.535743588970452045e-01 0.000000000000000000e+00 7.800000000000000000e+01
3.430831218879316680e+01 -1.472576948352901525e+02 5.739967528864477586e+00 2.659910103709830498e-01 1.691873987524928902e-01 7.900000000000000000e+01
3.068628729897044138e+01 -1.390653896705803447e+02 0.000000000000000000e+00 5.535743588970452045e-01 0.000000000000000000e+00 8.000000000000000000e+01
9.857787864390438415e+00 -1.254708247336143359e+02 0.000000000000000000e+00 1.294009147346373956e+00 0.000000000000000000e+00 8.100000000000000000e+01
1.565205019130685038e+01 -1.285646082678689766e+02 9.182398967957070113e+00 1.040522244589970446e+00 5.396714366842702004e-01 8.200000000000000000e+01
5.860559379831250304e+00 -1.258099614678685185e+02 9.287462556023468707e+00 1.256637061435917468e+00 1.017221967897851131e+00 8.300000000000000000e+01
5.794262326916414629e+00 -1.338280671964288331e+02 2.480442917736431241e+01 7.667251741389727870e-01 1.345876326255140976e+00 8.400000000000000000e+01
0.000000000000000000e+00 -1.289391435945763646e+02 1.857492511204693741e+01 1.017221967897851354e+00 1.570796326794896558e+00 8.500000000000000000e+01
5.860559379831250304e+00 -1.258099614678685185e+02 9.287462556023468707e+00 1.256637061435917468e+00 1.017221967897851131e+00 8.600000000000000000e+01
0.000000000000000000e+00 -1.289391435945763646e+02 1.857492511204693741e+01 1.017221967897851354e+00 1.570796326794896558e+00 8.700000000000000000e+01
0.000000000000000000e+00 -1.469335445552010242e+02 3.398682814532138252e+01 2.767871794485226578e-01 1.570796326794896558e+00 8.800000000000000000e+01
5.794262326916414629e+00 -1.338280671964288331e+02 2.480442917736431241e+01 7.667251741389727870e-01 1.345876326255140976e+00 8.900000000000000000e+01
0.000000000000000000e+00 -1.289391435945763646e+02 1.857492511204693741e+01 1.017221967897851354e+00 1.570796326794896558e+00 9.000000000000000000e+01
9.857787864390438415e+00 -1.254708247336143359e+02 0.000000000000000000e+00 1.294009147346373956e+00 0.000000000000000000e+00 9.100000000000000000e+01
1.565205019130685038e+01 -1.285646082678689766e+02 9.182398967957070113e+00 1.040522244589970446e+00 5.396714366842702004e-01 9.200000000000000000e+01
5.860559379831250304e+00 -1.258099614678685185e+02 9.287462556023468707e+00 1.256637061435917468e+00 1.017221967897851131e+00 9.300000000000000000e+01
0.000000000000000000e+00 -1.289391435945763646e+02 1.857492511204693741e+01 1.017221967897851354e+00 1.570796326794896558e+00 9.400000000000000000e+01
5.860559379831250304e+00 -1.258099614678685185e+02 9.287462556023468707e+00 1.256637061435917468e+00 1.017221967897851131e+00 9.500000000000000000e+01
1.747569656303261354e+01 -1.284941478468328455e+02 4.635520240186312257e+00 1.045009559536765442e+00 2.644834478670525235e-01 9.600000000000000000e+01
2.220860515309145455e+01 -1.310212330630192810e+02 2.864909063973217762e+00 9.008307510878749147e-01 1.309563485365081159e-01 9.700000000000000000e+01
2.060727193830786419e+01 -1.307467848964107304e+02 7.526440199889804283e+00 9.151420985989717760e-01 3.569331024075456105e-01 9.800000000000000000e+01
1.352910162058868160e+01 -1.291491774968789059e+02 1.355368969482417718e+01 1.004532912662974287e+00 7.967008379447642064e-01 9.900000000000000000e+01
1.637720527533486603e+01 -1.318286539809465694e+02 1.655037946114417480e+01 8.601423352183618087e-01 8.010506496889785444e-01 1.000000000000000000e+02
1.861851673870679491e+01 -1.310334294495850713e+02 1.223014232712517035e+01 9.002007762607201480e-01 5.907766782002882300e-01 1.010000000000000000e+02
2.736754284397271775e+01 -1.365380631187420590e+02 8.376640904370530549e+00 6.520601209743499549e-01 3.028938526120620311e-01 1.020000000000000000e+02
2.550809524366049530e+01 -1.367039936606621211e+02 1.313445550676068230e+01 6.453786255563389584e-01 4.840199694179893042e-01 1.030000000000000000e+02
2.335466819214344270e+01 -1.335622461575052284e+02 1.045831797511744199e+01 7.786370781889836445e-01 4.288353521413563185e-01 1.040000000000000000e+02
2.060727193830786419e+01 -1.307467848964107304e+02 7.526440199889804283e+00 9.151420985989717760e-01 3.569331024075456105e-01 1.050000000000000000e+02
1.861851673870679491e+01 -1.310334294495850713e+02 1.223014232712517035e+01 9.002007762607201480e-01 5.907766782002882300e-01 1.060000000000000000e+02
2.335466819214344270e+01 -1.335622461575052284e+02 1.045831797511744199e+01 7.786370781889836445e-01 4.288353521413563185e-01 1.070000000000000000e+02
2.925098374302706805e+00 -1.362632819574392613e+02 2.769443443029610918e+01 6.632004279420109505e-01 1.467715876824685628e+00 1.080000000000000000e+02
4.732908590058841902e+00 -1.403521917296962442e+02 3.055934349426933139e+01 5.057248027590448558e-01 1.420254828662342206e+00 1.090000000000000000e+02
7.684564326956947689e+00 -1.376467244866952342e+02 2.800557116406014657e+01 6.080300197450801969e-01 1.308251824944155928e+00 1.100000000000000000e+02
8.552627027369009483e+00 -1.318063121391299148e+02 2.144010777371763510e+01 8.612419917898208599e-01 1.198333183202585195e+00 1.110000000000000000e+02
1.341039928049041485e+01 -1.334127478687119890e+02 2.125199543366200672e+01 7.853981633974481680e-01 1.017221967897851354e+00 1.120000000000000000e+02
1.067803836835597053e+01 -1.352731617658418202e+02 2.481373559218838309e+01 7.041836786056948627e-01 1.171916923899461116e+00 1.130000000000000000e+02
1.383844122338403970e+01 -1.437617802142898995e+02 2.981674867808816387e+01 3.844383783473461214e-01 1.144151541927743487e+00 1.140000000000000000e+02
1.689808890085535609e+01 -1.413012131771927784e+02 2.677907649483944041e+01 4.712388980384690229e-01 1.017221967897851354e+00 1.150000000000000000e+02
1.248708724770155243e+01 -1.393648731505752210e+02 2.768060761583164364e+01 5.423166488415699371e-01 1.154756721723033008e+00 1.160000000000000000e+02
7.684564326956947689e+00 -1.376467244866952342e+02 2.800557116406014657e+01 6.080300197450801969e-01 1.308251824944155928e+00 1.170000000000000000e+02
1.067803836835597053e+01 -1.352731617658418202e+02 2.481373559218838309e+01 7.041836786056948627e-01 1.171916923899461116e+00 1.180000000000000000e+02
1.248708724770155243e+01 -1.393648731505752210e+02 2.768060761583164364e+01 5.423166488415699371e-01 1.154756721723033008e+00 1.190000000000000000e+02
3.120136939036919799e+01 -1.513610902277430057e+02 1.711610177712832837e+01 1.315797285156389274e-01 5.105597994617568913e-01 1.200000000000000000e+02
2.827627101606648452e+01 -1.529229147838135816e+02 2.175162201731463796e+01 8.117541426898439161e-02 6.657841140062394913e-01 1.210000000000000000e+02
2.859394446879969465e+01 -1.488110612640965655e+02 2.018323919580747727e+01 2.146678006885107126e-01 6.244750765993126729e-01 1.220000000000000000e+02
3.044317328673278311e+01 -1.434945319248399755e+02 1.325071532661833729e+01 3.937062417624251354e-01 4.181914786237604931e-01 1.230000000000000000e+02
2.734168218650131266e+01 -1.408512053002029631e+02 1.604021397982609543e+01 4.875127483902814696e-01 5.396714366842699784e-01 1.240000000000000000e+02
2.826215371195363346e+01 -1.446620094646666530e+02 1.823540631353077046e+01 3.534675004290752098e-01 5.825220974015385966e-01 1.250000000000000000e+02
2.189054625936377008e+01 -1.480611143781368355e+02 2.680440502144251624e+01 2.393655624562243955e-01 8.961331033185209183e-01 1.260000000000000000e+02
2.169848183854062995e+01 -1.438643309289682009e+02 2.498321899538701985e+01 3.808912932132323959e-01 8.659245560918661377e-01 1.270000000000000000e+02
2.533505113786257468e+01 -1.462249041414799251e+02 2.287410268918176470e+01 3.005070715240186208e-01 7.447470365784215618e-01 1.280000000000000000e+02
2.859394446879969465e+01 -1.488110612640965655e+02 2.018323919580747727e+01 2.146678006885107126e-01 6.244750765993126729e-01 1.290000000000000000e+02
2.826215371195363346e+01 -1.446620094646666530e+02 1.823540631353077046e+01 3.534675004290752098e-01 5.825220974015385966e-01 1.300000000000000000e+02
2.533505113786257468e+01 -1.462249041414799251e+02 2.287410268918176470e+01 3.005070715240186208e-01 7.447470365784215618e-01 1.310000000000000000e+02
1.637720527533486603e+01 -1.318286539809465694e+02 1.655037946114417480e+01 8.601423352183618087e-01 8.010506496889785444e-01 1.320000000000000000e+02
1.341039928049041485e+01 -1.334127478687119890e+02 2.125199543366200672e+01 7.853981633974481680e-01 1.017221967897851354e+00 1.330000000000000000e+02
1.851945137435718891e+01 -1.352991568749657176e+02 1.993600813438492736e+01 7.030897659917373366e-01 8.325767240969657035e-01 1.340000000000000000e+02
2.550809524366049530e+01 -1.367039936606621211e+02 1.313445550676068230e+01 6.453786255563389584e-01 4.840199694179893042e-01 1.350000000000000000e+02
2.734168218650131266e+01 -1.408512053002029631e+02 1.604021397982609543e+01 4.875127483902814696e-01 5.396714366842699784e-01 1.360000000000000000e+02
2.332457888175885330e+01 -1.378648025988977111e+02 1.813837940231837464e+01 5.995296468756992070e-01 6.710647339168331893e-01 1.370000000000000000e+02
1.689808890085535609e+01 -1.413012131771927784e+02 2.677907649483944041e+01 4.712388980384690229e-01 1.017221967897851354e+00 1.380000000000000000e+02
2.169848183854062995e+01 -1.438643309289682009e+02 2.498321899538701985e+01 3.808912932132323959e-01 8.659245560918661377e-01 1.390000000000000000e+02
2.035484676190756659e+01 -1.394504588593785002e+02 2.284463252202197836e+01 5.391135119428593914e-01 8.532829586656015541e-01 1.400000000000000000e+02
1.851945137435718891e+01 -1.352991568749657176e+02 1.993600813438492736e+01 7.030897659917373366e-01 8.325767240969657035e-01 1.410000000000000000e+02
2.332457888175885330e+01 -1.378648025988977111e+02 1.813837940231837464e+01 5.995296468756992070e-01 6.710647339168331893e-01 1.420000000000000000e+02
2.035484676190756659e+01 -1.394504588593785002e+02 2.284463252202197836e+01 5.391135119428593914e-01 8.532829586656015541e-01 1.430000000000000000e+02
3.300917960612532909e+01 -1.554499999999999886e+02 1.425119271315511149e+01 0.000000000000000000e+00 4.151807691727840699e-01 1.440000000000000000e+02
3.572898748274780445e+01 -1.554499999999999886e+02 4.874074422247806737e+00 0.000000000000000000e+00 1.383935897242615787e-01 1.450000000000000000e+02
1.455059818872990540e+01 -1.269323232907622838e+02 0.000000000000000000e+00 1.155615557622112544e+00 0.000000000000000000e+00 1.460000000000000000e+02
4.976474593219669451e+00 -1.245825950435820602e+02 0.000000000000000000e+00 1.432402737070635146e+00 0.000000000000000000e+00 1.470000000000000000e+02
1.455059818872990540e+01 -1.269323232907622838e+02 0.000000000000000000e+00 1.155615557622112544e+00 0.000000000000000000e+00 1.480000000000000000e+02
4.976474593219669451e+00 -1.245825950435820602e+02 0.000000000000000000e+00 1.432402737070635146e+00 0.000000000000000000e+00 1.490000000000000000e+02
0.000000000000000000e+00 -1.428792769458826513e+02 3.232995467048242233e+01 4.151807691727839589e-01 1.570796326794896558e+00 1.500000000000000000e+02
4.732908590058841902e+00 -1.403521917296962442e+02 3.055934349426933139e+01 5.057248027590448558e-01 1.420254828662342206e+00 1.510000000000000000e+02
4.749321942794353824e+00 -1.442856632225986573e+02 3.265716702188559850e+01 3.663700908666840950e-01 1.429310827540305473e+00 1.520000000000000000e+02
0.000000000000000000e+00 -1.511506658361530526e+02 3.499379746854180695e+01 1.383935897242613011e-01 1.570796326794896558e+00 1.530000000000000000e+02
4.800392937685272976e+00 -1.528868822482245946e+02 3.489661642174076661e+01 8.233546085857626484e-02 1.436872920826800959e+00 1.540000000000000000e+02
4.790341765473876912e+00 -1.485899690090952845e+02 3.414420358960820323e+01 2.219344387921392825e-01 1.434241018035996573e+00 1.550000000000000000e+02
1.383844122338403970e+01 -1.437617802142898995e+02 2.981674867808816387e+01 3.844383783473461214e-01 1.144151541927743487e+00 1.560000000000000000e+02
1.393128290601090313e+01 -1.480115425685090145e+02 3.148069246735727944e+01 2.410031767404817171e-01 1.161808601695935694e+00 1.570000000000000000e+02
9.526493218910523808e+00 -1.460611523011751274e+02 3.237237923760047664e+01 3.060125922174051771e-01 1.290178724000215826e+00 1.580000000000000000e+02
4.749321942794353824e+00 -1.442856632225986573e+02 3.265716702188559850e+01 3.663700908666840950e-01 1.429310827540305473e+00 1.590000000000000000e+02
4.790341765473876912e+00 -1.485899690090952845e+02 3.414420358960820323e+01 2.219344387921392825e-01 1.434241018035996573e+00 1.600000000000000000e+02
9.526493218910523808e+00 -1.460611523011751274e+02 3.237237923760047664e+01 3.060125922174051771e-01 1.290178724000215826e+00 1.610000000000000000e+02
2.827627101606648452e+01 -1.529229147838135816e+02 2.175162201731463796e+01 8.117541426898439161e-02 6.657841140062394913e-01 1.620000000000000000e+02
2.565870208463709901e+01 -1.554499999999999886e+02 2.483483505363292920e+01 0.000000000000000000e+00 7.794763184617430340e-01 1.630000000000000000e+02
2.189054625936377008e+01 -1.480611143781368355e+02 2.680440502144251624e+01 2.393655624562243955e-01 8.961331033185209183e-01 1.640000000000000000e+02
1.873167584369617700e+01 -1.505746603202844369e+02 2.968483496790485532e+01 1.570796326794896558e-01 1.017221967897851131e+00 1.650000000000000000e+02
2.237445710907153540e+01 -1.529211832920798599e+02 2.756587431095059060e+01 8.123115612482396941e-02 8.991295884079513190e-01 1.660000000000000000e+02
2.565870208463709901e+01 -1.554499999999999886e+02 2.483483505363292920e+01 0.000000000000000000e+00 7.794763184617430340e-01 1.670000000000000000e+02
2.237445710907153540e+01 -1.529211832920798599e+02 2.756587431095059060e+01 8.123115612482396941e-02 8.991295884079513190e-01 1.680000000000000000e+02
4.800392937685272976e+00 -1.528868822482245946e+02 3.489661642174076661e+01 8.233546085857626484e-02 1.436872920826800959e+00 1.690000000000000000e+02
9.610255014803323448e+00 -1.554499999999999886e+02 3.405476749349573851e+01 0.000000000000000000e+00 1.301135328766271471e+00 1.700000000000000000e+02
1.393128290601090313e+01 -1.480115425685090145e+02 3.148069246735727944e+01 2.410031767404817171e-01 1.161808601695935694e+00 1.710000000000000000e+02
1.873167584369617700e+01 -1.505746603202844369e+02 2.968483496790485532e+01 1.570796326794896558e-01 1.017221967897851131e+00 1.720000000000000000e+02
1.441538252220498784e+01 -1.528843542760679952e+02 3.225713876142918934e+01 8.241685160700842894e-02 1.158222979039049250e+00 1.730000000000000000e+02
9.610255014803323448e+00 -1.554499999999999886e+02 3.405476749349573851e+01 0.000000000000000000e+00 1.301135328766271471e+00 1.740000000000000000e+02
1.441538252220498784e+01 -1.528843542760679952e+02 3.225713876142918934e+01 8.241685160700842894e-02 1.158222979039049250e+00 1.750000000000000000e+02
4.732908590058841902e+00 -1.403521917296962442e+02 3.055934349426933139e+01 5.057248027590448558e-01 1.420254828662342206e+00 1.760000000000000000e+02
2.925098374302706805e+00 -1.362632819574392613e+02 2.769443443029610918e+01 6.632004279420109505e-01 1.467715876824685628e+00 1.770000000000000000e+02
7.684564326956947689e+00 -1.376467244866952342e+02 2.800557116406014657e+01 6.080300197450801969e-01 1.308251824944155928e+00 1.780000000000000000e+02
1.383844122338403970e+01 -1.437617802142898995e+02 2.981674867808816387e+01 3.844383783473461214e-01 1.144151541927743487e+00 1.790000000000000000e+02
1.689808890085535609e+01 -1.413012131771927784e+02 2.677907649483944041e+01 4.712388980384690229e-01 1.017221967897851354e+00 1.800000000000000000e+02
1.248708724770155243e+01 -1.393648731505752210e+02 2.768060761583164364e+01 5.423166488415699371e-01 1.154756721723033008e+00 1.810000000000000000e+02
8.552627027369009483e+00 -1.318063121391299148e+02 2.144010777371763510e+01 8.612419917898208599e-01 1.198333183202585195e+00 1.820000000000000000e+02
1.341039928049041485e+01 -1.334127478687119890e+02 2.125199543366200672e+01 7.853981633974481680e-01 1.017221967897851354e+00 1.830000000000000000e+02
1.067803836835597053e+01 -1.352731617658418202e+02 2.481373559218838309e+01 7.041836786056948627e-01 1.171916923899461116e+00 1.840000000000000000e+02
7.684564326956947689e+00 -1.376467244866952342e+02 2.800557116406014657e+01 6.080300197450801969e-01 1.308251824944155928e+00 1.850000000000000000e+02
1.248708724770155243e+01 -1.393648731505752210e+02 2.768060761583164364e+01 5.423166488415699371e-01 1.154756721723033008e+00 1.860000000000000000e+02
1.067803836835597053e+01 -1.352731617658418202e+02 2.481373559218838309e+01 7.041836786056948627e-01 1.171916923899461116e+00 1.870000000000000000e+02
2.827627101606648452e+01 -1.529229147838135816e+02 2.175162201731463796e+01 8.117541426898439161e-02 6.657841140062394913e-01 1.880000000000000000e+02
3.120136939036919799e+01 -1.513610902277430057e+02 1.711610177712832837e+01 1.315797285156389274e-01 5.105597994617568913e-01 1.890000000000000000e+02
2.859394446879969465e+01 -1.488110612640965655e+02 2.018323919580747727e+01 2.146678006885107126e-01 6.244750765993126729e-01 1.900000000000000000e+02
2.189054625936377008e+01 -1.480611143781368355e+02 2.680440502144251624e+01 2.393655624562243955e-01 8.961331033185209183e-01 1.910000000000000000e+02
2.169848183854062995e+01 -1.438643309289682009e+02 2.498321899538701985e+01 3.808912932132323959e-01 8.659245560918661377e-01 1.920000000000000000e+02
2.533505113786257468e+01 -1.462249041414799251e+02 2.287410268918176470e+01 3.005070715240186208e-01 7.447470365784215618e-01 1.930000000000000000e+02
3.044317328673278311e+01 -1.434945319248399755e+02 1.325071532661833729e+01 3.937062417624251354e-01 4.181914786237604931e-01 1.940000000000000000e+02
2.734168218650131266e+01 -1.408512053002029631e+02 1.604021397982609543e+01 4.875127483902814696e-01 5.396714366842699784e-01 1.950000000000000000e+02
2.826215371195363346e+01 -1.446620094646666530e+02 1.823540631353077046e+01 3.534675004290752098e-01 5.825220974015385966e-01 1.960000000000000000e+02
2.859394446879969465e+01 -1.488110612640965655e+02 2.018323919580747727e+01 2.146678006885107126e-01 6.244750765993126729e-01 1.970000000000000000e+02
2.533505113786257468e+01 -1.462249041414799251e+02 2.287410268918176470e+01 3.005070715240186208e-01 7.447470365784215618e-01 1.980000000000000000e+02
2.826215371195363346e+01 -1.446620094646666530e+02 1.823540631353077046e+01 3.534675004290752098e-01 5.825220974015385966e-01 1.990000000000000000e+02
1.747569656303261354e+01 -1.284941478468328455e+02 4.635520240186312257e+00 1.045009559536765442e+00 2.644834478670525235e-01 2.000000000000000000e+02
2.220860515309145455e+01 -1.310212330630192810e+02 2.864909063973217762e+00 9.008307510878749147e-01 1.309563485365081159e-01 2.010000000000000000e+02
2.060727193830786419e+01 -1.307467848964107304e+02 7.526440199889804283e+00 9.151420985989717760e-01 3.569331024075456105e-01 2.020000000000000000e+02
1.352910162058868160e+01 -1.291491774968789059e+02 1.355368969482417718e+01 1.004532912662974287e+00 7.967008379447642064e-01 2.030000000000000000e+02
1.637720527533486603e+01 -1.318286539809465694e+02 1.655037946114417480e+01 8.601423352183618087e-01 8.010506496889785444e-01 2.040000000000000000e+02
1.861851673870679491e+01 -1.310334294495850713e+02 1.223014232712517035e+01 9.002007762607201480e-01 5.907766782002882300e-01 2.050000000000000000e+02
2.736754284397271775e+01 -1.365380631187420590e+02 8.376640904370530549e+00 6.520601209743499549e-01 3.028938526120620311e-01 2.060000000000000000e+02
2.550809524366049530e+01 -1.367039936606621211e+02 1.313445550676068230e+01 6.453786255563389584e-01 4.840199694179893042e-01 2.070000000000000000e+02
2.335466819214344270e+01 -1.335622461575052284e+02 1.045831797511744199e+01 7.786370781889836445e-01 4.288353521413563185e-01 2.080000000000000000e+02
2.060727193830786419e+01 -1.307467848964107304e+02 7.526440199889804283e+00 9.151420985989717760e-01 3.569331024075456105e-01 2.090000000000000000e+02
1.861851673870679491e+01 -1.310334294495850713e+02 1.223014232712517035e+01 9.002007762607201480e-01 5.907766782002882300e-01 2.100000000000000000e+02
2.335466819214344270e+01 -1.335622461575052284e+02 1.045831797511744199e+01 7.786370781889836445e-01 4.288353521413563185e-01 2.110000000000000000e+02
1.689808890085535609e+01 -1.413012131771927784e+02 2.677907649483944041e+01 4.712388980384690229e-01 1.017221967897851354e+00 2.120000000000000000e+02
2.169848183854062995e+01 -1.438643309289682009e+02 2.498321899538701985e+01 3.808912932132323959e-01 8.659245560918661377e-01 2.130000000000000000e+02
2.035484676190756659e+01 -1.394504588593785002e+02 2.284463252202197836e+01 5.391135119428593914e-01 8.532829586656015541e-01 2.140000000000000000e+02
1.341039928049041485e+01 -1.334127478687119890e+02 2.125199543366200672e+01 7.853981633974481680e-01 1.017221967897851354e+00 2.150000000000000000e+02
1.637720527533486603e+01 -1.318286539809465694e+02 1.655037946114417480e+01 8.601423352183618087e-01 8.010506496889785444e-01 2.160000000000000000e+02
1.851945137435718891e+01 -1.352991568749657176e+02 1.993600813438492736e+01 7.030897659917373366e-01 8.325767240969657035e-01 2.170000000000000000e+02
2.734168218650131266e+01 -1.408512053002029631e+02 1.604021397982609543e+01 4.875127483902814696e-01 5.396714366842699784e-01 2.180000000000000000e+02
2.550809524366049530e+01 -1.367039936606621211e+02 1.313445550676068230e+01 6.453786255563389584e-01 4.840199694179893042e-01 2.190000000000000000e+02
2.332457888175885330e+01 -1.378648025988977111e+02 1.813837940231837464e+01 5.995296468756992070e-01 6.710647339168331893e-01 2.200000000000000000e+02
2.035484676190756659e+01 -1.394504588593785002e+02 2.284463252202197836e+01 5.391135119428593914e-01 8.532829586656015541e-01 2.210000000000000000e+02
1.851945137435718891e+01 -1.352991568749657176e+02 1.993600813438492736e+01 7.030897659917373366e-01 8.325767240969657035e-01 2.220000000000000000e+02
2.332457888175885330e+01 -1.378648025988977111e+02 1.813837940231837464e+01 5.995296468756992070e-01 6.710647339168331893e-01 2.230000000000000000e+02
3.300917960612532909e+01 -1.554499999999999886e+02 1.425119271315511149e+01 0.000000000000000000e+00 4.151807691727840699e-01 2.240000000000000000e+02
3.120136939036919799e+01 -1.513610902277430057e+02 1.711610177712832837e+01 1.315797285156389274e-01 5.105597994617568913e-01 2.250000000000000000e+02
3.334326641159404403e+01 -1.513469102119834133e+02 1.265679899591767388e+01 1.320387023191142151e-01 3.697414421262258388e-01 2.260000000000000000e+02
3.572898748274780445e+01 -1.554499999999999886e+02 4.874074422247806737e+00 0.000000000000000000e+00 1.383935897242615787e-01 2.270000000000000000e+02
3.562976474455152243e+01 -1.513027883604591750e+02 2.905758473065412684e+00 1.334670024503612218e-01 8.307597929510808499e-02 2.280000000000000000e+02
3.486154435677308783e+01 -1.513114718867719546e+02 7.777088338413330248e+00 1.331858802299623890e-01 2.239511555487365135e-01 2.290000000000000000e+02
3.044317328673278311e+01 -1.434945319248399755e+02 1.325071532661833729e+01 3.937062417624251354e-01 4.181914786237604931e-01 2.300000000000000000e+02
3.214207512418659007e+01 -1.434143230519783572e+02 8.432839534242845048e+00 3.964947262175555487e-01 2.617286536317281476e-01 2.310000000000000000e+02
3.305249547742751304e+01 -1.472197605020385538e+02 1.064396036205659257e+01 2.672527881505244451e-01 3.176628482965798139e-01 2.320000000000000000e+02
3.334326641159404403e+01 -1.513469102119834133e+02 1.265679899591767388e+01 1.320387023191142151e-01 3.697414421262258388e-01 2.330000000000000000e+02
3.486154435677308783e+01 -1.513114718867719546e+02 7.777088338413330248e+00 1.331858802299623890e-01 2.239511555487365135e-01 2.340000000000000000e+02
3.305249547742751304e+01 -1.472197605020385538e+02 1.064396036205659257e+01 2.672527881505244451e-01 3.176628482965798139e-01 2.350000000000000000e+02
2.220860515309145455e+01 -1.310212330630192810e+02 2.864909063973217762e+00 9.008307510878749147e-01 1.309563485365081159e-01 2.360000000000000000e+02
2.535659388110221357e+01 -1.332826338442976066e+02 0.000000000000000000e+00 7.913200083331534129e-01 0.000000000000000000e+00 2.370000000000000000e+02
2.736754284397271775e+01 -1.365380631187420590e+02 8.376640904370530549e+00 6.520601209743499549e-01 3.028938526120620311e-01 2.380000000000000000e+02
3.030848818134576916e+01 -1.392671114124375435e+02 5.527081061177433696e+00 5.459830698593823861e-01 1.840841477413635296e-01 2.390000000000000000e+02
2.814500995761731517e+01 -1.361199971948771008e+02 2.866872023643262324e+00 6.690480957291180530e-01 1.036282170770621430e-01 2.400000000000000000e+02
2.535659388110221357e+01 -1.332826338442976066e+02 0.000000000000000000e+00 7.913200083331534129e-01 0.000000000000000000e+00 2.410000000000000000e+02
2.814500995761731517e+01 -1.361199971948771008e+02 2.866872023643262324e+00 6.690480957291180530e-01 1.036282170770621430e-01 2.420000000000000000e+02
3.562976474455152243e+01 -1.513027883604591750e+02 2.905758473065412684e+00 1.334670024503612218e-01 8.307597929510808499e-02 2.430000000000000000e+02
3.477022928411255265e+01 -1.471473960311744236e+02 0.000000000000000000e+00 2.696609980286250319e-01 0.000000000000000000e+00 2.440000000000000000e+02
3.214207512418659007e+01 -1.434143230519783572e+02 8.432839534242845048e+00 3.964947262175555487e-01 2.617286536317281476e-01 2.450000000000000000e+02
3.030848818134576916e+01 -1.392671114124375435e+02 5.527081061177433696e+00 5.459830698593823861e-01 1.840841477413635296e-01 2.460000000000000000e+02
3.293483389656217497e+01 -1.429960940467616695e+02 2.908624387637054554e+00 4.110881444165845333e-01 8.992674989624045712e-02 2.470000000000000000e+02
3.477022928411255265e+01 -1.471473960311744236e+02 0.000000000000000000e+00 2.696609980286250319e-01 0.000000000000000000e+00 2.480000000000000000e+02
3.293483389656217497e+01 -1.429960940467616695e+02 2.908624387637054554e+00 4.110881444165845333e-01 8.992674989624045712e-02 2.490000000000000000e+02
1.455059818872990540e+01 -1.269323232907622838e+02 0.000000000000000000e+00 1.155615557622112544e+00 0.000000000000000000e+00 2.500000000000000000e+02
1.747569656303261354e+01 -1.284941478468328455e+02 4.635520240186312257e+00 1.045009559536765442e+00 2.644834478670525235e-01 2.510000000000000000e+02
1.292270761135091206e+01 -1.266436951083941551e+02 4.651595857825451041e+00 1.179209495111436912e+00 3.521946386808735840e-01 2.520000000000000000e+02
4.976474593219669451e+00 -1.245825950435820602e+02 0.000000000000000000e+00 1.432402737070635146e+00 0.000000000000000000e+00 2.530000000000000000e+02
2.966805994844453398e+00 -1.246683167126404896e+02 4.701615972517834585e+00 1.413716694115407346e+00 1.017221967897850021e+00 2.540000000000000000e+02
7.940478370350827930e+00 -1.253320066595437936e+02 4.691771621768826783e+00 1.310806515500603675e+00 5.428286963440243085e-01 2.550000000000000000e+02
1.352910162058868160e+01 -1.291491774968789059e+02 1.355368969482417718e+01 1.004532912662974287e+00 7.967008379447642064e-01 2.560000000000000000e+02
8.610006342805140989e+00 -1.276814423414057416e+02 1.364462098807875812e+01 1.099557428756427813e+00 1.017221967897851354e+00 2.570000000000000000e+02
1.086758094444188849e+01 -1.268949013363570515e+02 9.330467997419816584e+00 1.158602596078735392e+00 7.197340068331563590e-01 2.580000000000000000e+02
1.292270761135091206e+01 -1.266436951083941551e+02 4.651595857825451041e+00 1.179209495111436912e+00 3.521946386808735840e-01 2.590000000000000000e+02
7.940478370350827930e+00 -1.253320066595437936e+02 4.691771621768826783e+00 1.310806515500603675e+00 5.428286963440243085e-01 2.600000000000000000e+02
1.086758094444188849e+01 -1.268949013363570515e+02 9.330467997419816584e+00 1.158602596078735392e+00 7.197340068331563590e-01 2.610000000000000000e+02
2.925098374302706805e+00 -1.362632819574392613e+02 2.769443443029610918e+01 6.632004279420109505e-01 1.467715876824685628e+00 2.620000000000000000e+02
0.000000000000000000e+00 -1.335436346986786589e+02 2.513072682199578978e+01 7.794763184617430340e-01 1.570796326794896558e+00 2.630000000000000000e+02
8.552627027369009483e+00 -1.318063121391299148e+02 2.144010777371763510e+01 8.612419917898208599e-01 1.198333183202585195e+00 2.640000000000000000e+02
5.643200347960688035e+00 -1.292655362291711754e+02 1.834623696059659181e+01 9.976111526273984120e-01 1.278179287195480462e+00 2.650000000000000000e+02
2.927102574091061005e+00 -1.311346336526137861e+02 2.191406126248303110e+01 8.949924695501103589e-01 1.440711691381353576e+00 2.660000000000000000e+02
0.000000000000000000e+00 -1.335436346986786589e+02 2.513072682199578978e+01 7.794763184617430340e-01 1.570796326794896558e+00 2.670000000000000000e+02
2.927102574091061005e+00 -1.311346336526137861e+02 2.191406126248303110e+01 8.949924695501103589e-01 1.440711691381353576e+00 2.680000000000000000e+02
2.966805994844453398e+00 -1.246683167126404896e+02 4.701615972517834585e+00 1.413716694115407346e+00 1.017221967897850021e+00 2.690000000000000000e+02
0.000000000000000000e+00 -1.254108966456593635e+02 9.412506239407207431e+00 1.301135328766271471e+00 1.570796326794896558e+00 2.700000000000000000e+02
8.610006342805140989e+00 -1.276814423414057416e+02 1.364462098807875812e+01 1.099557428756427813e+00 1.017221967897851354e+00 2.710000000000000000e+02
5.643200347960688035e+00 -1.292655362291711754e+02 1.834623696059659181e+01 9.976111526273984120e-01 1.278179287195480462e+00 2.720000000000000000e+02
2.969732119851288488e+00 -1.269965529061401668e+02 1.411875935911081292e+01 1.150535349337359792e+00 1.367627380745167320e+00 2.730000000000000000e+02
0.000000000000000000e+00 -1.254108966456593635e+02 9.412506239407207431e+00 1.301135328766271471e+00 1.570796326794896558e+00 2.740000000000000000e+02
2.969732119851288488e+00 -1.269965529061401668e+02 1.411875935911081292e+01 1.150535349337359792e+00 1.367627380745167320e+00 2.750000000000000000e+02
0.000000000000000000e+00 -1.428792769458826513e+02 3.232995467048242233e+01 4.151807691727839589e-01 1.570796326794896558e+00 2.760000000000000000e+02
0.000000000000000000e+00 -1.511506658361530526e+02 3.499379746854180695e+01 1.383935897242613011e-01 1.570796326794896558e+00 2.770000000000000000e+02
2.925098374302706805e+00 -1.362632819574392613e+02 2.769443443029610918e+01 6.632004279420109505e-01 1.467715876824685628e+00 2.780000000000000000e+02
0.000000000000000000e+00 -1.335436346986786589e+02 2.513072682199578978e+01 7.794763184617430340e-01 1.570796326794896558e+00 2.790000000000000000e+02
8.552627027369009483e+00 -1.318063121391299148e+02 2.144010777371763510e+01 8.612419917898208599e-01 1.198333183202585195e+00 2.800000000000000000e+02
5.643200347960688035e+00 -1.292655362291711754e+02 1.834623696059659181e+01 9.976111526273984120e-01 1.278179287195480462e+00 2.810000000000000000e+02
2.927102574091061005e+00 -1.311346336526137861e+02 2.191406126248303110e+01 8.949924695501103589e-01 1.440711691381353576e+00 2.820000000000000000e+02
0.000000000000000000e+00 -1.335436346986786589e+02 2.513072682199578978e+01 7.794763184617430340e-01 1.570796326794896558e+00 2.830000000000000000e+02
2.927102574091061005e+00 -1.311346336526137861e+02 2.191406126248303110e+01 8.949924695501103589e-01 1.440711691381353576e+00 2.840000000000000000e+02
1.455059818872990540e+01 -1.269323232907622838e+02 0.000000000000000000e+00 1.155615557622112544e+00 0.000000000000000000e+00 2.850000000000000000e+02
1.747569656303261354e+01 -1.284941478468328455e+02 4.635520240186312257e+00 1.045009559536765442e+00 2.644834478670525235e-01 2.860000000000000000e+02
1.292270761135091206e+01 -1.266436951083941551e+02 4.651595857825451041e+00 1.179209495111436912e+00 3.521946386808735840e-01 2.870000000000000000e+02
4.976474593219669451e+00 -1.245825950435820602e+02 0.000000000000000000e+00 1.432402737070635146e+00 0.000000000000000000e+00 2.880000000000000000e+02
2.966805994844453398e+00 -1.246683167126404896e+02 4.701615972517834585e+00 1.413716694115407346e+00 1.017221967897850021e+00 2.890000000000000000e+02
7.940478370350827930e+00 -1.253320066595437936e+02 4.691771621768826783e+00 1.310806515500603675e+00 5.428286963440243085e-01 2.900000000000000000e+02
1.352910162058868160e+01 -1.291491774968789059e+02 1.355368969482417718e+01 1.004532912662974287e+00 7.967008379447642064e-01 2.910000000000000000e+02
8.610006342805140989e+00 -1.276814423414057416e+02 1.364462098807875812e+01 1.099557428756427813e+00 1.017221967897851354e+00 2.920000000000000000e+02
1.086758094444188849e+01 -1.268949013363570515e+02 9.330467997419816584e+00 1.158602596078735392e+00 7.197340068331563590e-01 2.930000000000000000e+02
1.292270761135091206e+01 -1.266436951083941551e+02 4.651595857825451041e+00 1.179209495111436912e+00 3.521946386808735840e-01 2.940000000000000000e+02
7.940478370350827930e+00 -1.253320066595437936e+02 4.691771621768826783e+00 1.310806515500603675e+00 5.428286963440243085e-01 2.950000000000000000e+02
1.086758094444188849e+01 -1.268949013363570515e+02 9.330467997419816584e+00 1.158602596078735392e+00 7.197340068331563590e-01 2.960000000000000000e+02
2.966805994844453398e+00 -1.246683167126404896e+02 4.701615972517834585e+00 1.413716694115407346e+00 1.017221967897850021e+00 2.970000000000000000e+02
0.000000000000000000e+00 -1.254108966456593635e+02 9.412506239407207431e+00 1.301135328766271471e+00 1.570796326794896558e+00 2.980000000000000000e+02
5.643200347960688035e+00 -1.292655362291711754e+02 1.834623696059659181e+01 9.976111526273984120e-01 1.278179287195480462e+00 2.990000000000000000e+02
8.610006342805140989e+00 -1.276814423414057416e+02 1.364462098807875812e+01 1.099557428756427813e+00 1.017221967897851354e+00 3.000000000000000000e+02
2.969732119851288488e+00 -1.269965529061401668e+02 1.411875935911081292e+01 1.150535349337359792e+00 1.367627380745167320e+00 3.010000000000000000e+02
0.000000000000000000e+00 -1.254108966456593635e+02 9.412506239407207431e+00 1.301135328766271471e+00 1.570796326794896558e+00 3.020000000000000000e+02
2.969732119851288488e+00 -1.269965529061401668e+02 1.411875935911081292e+01 1.150535349337359792e+00 1.367627380745167320e+00 3.030000000000000000e+02
