0.218925
0.0180392
0
0
0
0
0.26514
0
0
0
0
0
0
0
0
0
0
0
0.0180392
0
0
0
0
0
0
0
0
0
0
0
0
0
0
0
0
0
0
0
0
0
0
0
0
0
0
0
0
0
0
0.305543
0.00123077
0
0.00103448
0
0.297938
0
0.00123077
0
0.00123077
0
0
0
0
0.305543
0
0
0.297938
0
0.305543
0
0
0
0
0
0
0
0
0
0
0
0
0
0
0
0
0
0
0
0
0
0.188286
0
0.0300476
9.52381e-06
0.00256667
3.125e-05
0
0
0
0
0
0
0
0.00484668
0
0
0
0
0
0.303917
0.244003
0
0
0
0.00215
0
0
0
0
0
0
0
0
0
0
0
0
0
0
0
0
0
0
0
0
0
0
0
0
0.188286
0
0.0300476
9.52381e-06
0.00256667
3.125e-05
0
0
0
0
0
0
0
0.196594
0
0
0.188286
0.306091
0
1.78571e-05
0.209545
0
0
0
0
0
0.0300476
0
0.00366667
3.125e-05
0
0
0
0
0
0
0
0
0
0
0
0
0
0
0
0
0
0
0
0
0
0
0
0
0
0
0
0.306091
0
0
0.306091
0
0
0.209545
0
0
0
0
0
0
0
0
0
0
0
0
0
0
0
0
0
0
0
0
0
0
0
0
0
0
0
0
0
0
0
0
0
0
0
0
0
0
0
0
0
0.088
0.255906
0.240639
0.164782
0.103136
0.301745
1.85185e-05
1.26582e-05
0.078541
0
0
0
0.00203125
0.00825743
0.0171571
0.19325
0.118352
8.62069e-05
0
0
1.36986e-05
0
0
0
0
0
0
0
6.12245e-05
0
0
0
0
0
0
0
0
0
1.14943e-05
0
0
0
0
0
0
0
0
0
0.284545
0.0792865
4.83871e-05
0.0107097
0.00967692
0
0
0
0
0
0
0
0
0
0
0
0
0
0
0
0
0
0
0
0
0
0.243564
0.208189
0.116576
0.161778
0
0
0
0
0.207004
0.160408
1.85185e-05
0.0166438
0.0167996
0
0
0
0
0
0
0
0
0
0
0
0
0
0
0
0
0.000633803
0
0
0
0
0.255906
0
1.85185e-05
0.0173571
0.00344
0
0
0
0
0
0
0
0
0
0
0
0
0
0
0
0
0.000125
0
0
0
0
0
0
0
0
0
0
0
0
0
0
0
0
0
0.00723404
0
0
0
0
0
0
0
0
0
0
0
0
0
0
0
0
0
0
0
0
0
0
0
0
0
0
0
0
0
0
0
0
0
0
0.088
0
0.240639
0.164782
0.103136
0.301745
0
1.26582e-05
0.078541
0
0
0
0.00203125
0.00825743
0.0171571
0.19325
0.118352
8.62069e-05
0
0
1.36986e-05
0
0
0
0
0
0
0
6.12245e-05
0
0
0
0
0
0
0
0
0
1.14943e-05
0
0
0
0
0
0
0
0
0
0
0.0701385
0.167656
0
0
0.134231
0
0
0
0
0
0
0
0.15974
0.182826
0
0.194419
0.101435
0.164782
0.200079
0.170909
0
0
0
0.000483871
0.00348485
0.0934783
0
0.129385
0.286726
0.197039
0.128254
0.25617
0
0
0
0
0
0.0860149
0
0
0.109538
0
0
0.167258
0
0
0
0
0
0.240639
0
0.103136
0.301745
0
1.26582e-05
0.078541
0
0
0
0
0.00914815
0.00816327
0
0.118352
8.62069e-05
0
0
1.36986e-05
0
0
0
0
0
0
0
6.12245e-05
0
0
0
0
0
0
0
0
0
1.14943e-05
0
0
0
0
0
0
0
0
0
0
0
0
0
0
0
0
0
0
0
0
0
0
0
0
0
0
0
0
0
0
0
0
0
0
0
0
0
0
0
0
0
0
0
0
0
0
0
0
0
0
0
0
0
0
0
0
0
0
0
0
0
0
0
0
0
0
0
0
0
0
0
0
0.0173571
0.00344
0
0
0
0
0
0
0.000125
0
0
0
0
0.147295
0
0.194419
0.0980984
0
0.200079
0.170909
0
0
0
0
0
0.147295
0
0.194419
0.0980984
0
0.200079
0.170909
0
0
0
0
0
0.0934783
0
0.128429
0.272643
0
0.128429
0.272643
0
0
0
0
0
0.0860149
0
0
0.141822
0
0
0.141822
0
0
0
0
0
0.231887
0
0
0.311111
0
0
0.0916923
0
0
0
0
0
0.0381429
0
0
0
0
0
0
0
0
0
0
0
0
0
0
0
0
0
0
0
0
0
0
0
0
0
0
0
0
0
0
0
0
0
0
0
0
0
0
0
0
0
0
0
0
0
0
0
0
0
0
0
0
0
0
0
0
0
0
0
0
0
0
0
0
0
0
0
0
0
0
0
0
0
0
0
0
0
0
0
0
0
0
0
0
0
0
0
0
0
0
0
0
0
0
