0.213511
0.0126935
0
0
0
0
0.23783
0
0
0
0
0
0
0
0
0
0
0
0.0126935
0
0
0
0
0
0
0
0
0
0
0
0
0
0
0
0
0
0
0
0
0
0
0
0
0
0
0
0
0
0
0.303745
0.00125455
0
0.00153448
0
0.296167
0
0.00125455
0
0.00125455
0
0
0
0
0.303745
0
0
0.296167
0
0.303745
0
0
0
0
0
0
0
0
0
0
0
0
0
0
0
0
0
0
0
0
0
0.181328
2e-05
0.0416667
9.00901e-06
0.00888462
1.36986e-05
0
0
4.54545e-05
0
0
0
0
0.00520501
0
0
0
0
0
0.304595
0.257393
0
0
1.96078e-05
0.00448571
0
0
0
0
0
2e-05
0
0
0
0
0
0
0
0
0
0
0.00025
0
0
0
0
0
0
0
0.181328
0
0.0416667
9.00901e-06
0.00888462
1.36986e-05
0
0
4.54545e-05
0
0
0
0
0.205382
0
0
0.181328
0.307278
0
1.81818e-05
0.192651
0
0
0
0
0
0.0416667
0
0.0104545
1.36986e-05
0
0
4.54545e-05
0
0
0
0
0
0
0
0
0
0
0
0
0
0
0
0
0
0
0
0
0
0
0
0
0.307278
0
0
0.307278
0
0
0.192651
0
0
0
0
0
0
0
0
0
0
0
0
0
0
0
0
0
0
0
0
0
0
0
0
0
0
0
0
0
0
0
0
0
0
0
0
0
0
0
0
0
0.0975333
0.261
0.243754
0.13658
0.12139
0.300915
0.000105263
1.44928e-05
0.0967121
0
0
0
0.00965254
0.00562
0.0111066
0.175782
0.0984528
0
0
0
0.000612903
0
0
0
0
0
0
0
4.65116e-05
0
0
0
0
0
0
0
0
0
0
0
0
1.08696e-05
0
0
1.42857e-05
0
0
0
0.260096
0.0874661
1.69492e-05
0.0236406
0.000133333
0
0
0
0
0
0
0
0
0
0
0
0
0
0
0
0
0
0
0
0
0
0.239275
0.19508
0.137856
0.157744
0
0
0
0
0.213557
0.146065
0.000105263
0.00960937
0.0164732
0
0
0
0
0
0
0
0
0
0
0
0
0
0
0
0
0.00409032
0
0
0
0
0.261
0
0.000105263
0.010082
0.000884615
0
0
0
0
0
0
0
0
0
0
0
0
0
0
0
0
0
0
0
0
0
0
0
0
0
0
0
0
0
0
0
0
0
0
0.00578261
0
0
0
0
0
0
0
0
0
0
0
0
0
0
0
0
0
0
0
0
0
0
0
0
0
0
0
0
0
0
0
0
0
0
0.0975333
0
0.243754
0.13658
0.12139
0.300915
0
1.44928e-05
0.0967121
0
0
0
0.00965254
0.00562
0.0111066
0.175782
0.0984528
0
0
0
0.000612903
0
0
0
0
0
0
0
4.65116e-05
0
0
0
0
0
0
0
0
0
0
0
0
1.08696e-05
0
0
1.42857e-05
0
0
0
0
0.0744667
0.182368
0
0
0.153308
0
0
0
0
0
0
0
0.174389
0.214949
0
0.224707
0.0986842
0.13658
0.178852
0.162958
0
0
0
0.0137213
0.00529825
0.122288
0
0.101722
0.265163
0.179037
0.102723
0.265721
0
0
0
0
0
0.108292
0
0
0.154791
0
0
0.169268
0
0
0
0
0
0.243754
0
0.12139
0.300915
0
1.44928e-05
0.0967121
0
0
0
0
0.00548148
0.002
0
0.0984528
0
0
0
0.000612903
0
0
0
0
0
0
0
4.65116e-05
0
0
0
0
0
0
0
0
0
0
0
0
1.08696e-05
0
0
1.42857e-05
0
0
0
0
0
0
0
0
0
0
0
0
0
0
0
0
0
0
0
0
0
0
0
0
0
0
0
0
0
0
0
0
0
0
0
0
0
0
0
0
0
0
0
0
0
0
0
0
0
0
0
0
0
0
0
0
0
0
0
0
0
0
0
0
0
0
0.010082
0.000873418
0
0
0
0
0
0
0
0
0
0
0
0.183211
0
0.224707
0.0986842
0
0.178852
0.162958
0
0
0
0
0
0.183211
0
0.224707
0.0986842
0
0.178852
0.162958
0
0
0
0
0
0.122288
0
0.102506
0.265404
0
0.102506
0.265404
0
0
0
0
0
0.108292
0
0
0.163807
0
0
0.163807
0
0
0
0
0
0.263508
0
0
0.312571
0
2.77778e-05
0.0890959
0
0
0
0
0
0.02725
0
0
0
0
0
0
0
0
0
0
0
0
0
0.000125
0
0
0
0
0
0
0
0
0
0
0
0
0
0
0
0
0
0
0
0
0
0
0
0
0
0
0
0
0
0
0
0
0
0
0
0
0
0
0
0
0
0
0
0
0
0
0
0
0
0
0
0
0
0
0
0
0
0
0
0
0
0
0
0
0
0
0
0
0
0
0
0
0
0
0
0
0
0
0
0
