0.218091
0.017459
0
0
0
0
0.260213
0
0
0
0
0
0
0
0
0
0
0
0.017459
0
0
0
0
0
0
0
0
0
0
0
0
0
0
0
0
0
0
0
0
0
0
0
0
0
0
0
0
0
0
0.32425
0.00907246
0
0.000984375
0
0.3138
0
0.00907246
0
0.00907246
0
0
0
0
0.32425
0
0
0.3138
0
0.32425
0
0
0
0
0
0
0
0
0
0
0
0
0
0
0
0
0
0
0
0
0
0.183193
0
0.0471525
2.22222e-05
0.0039375
5.55556e-05
0
0
3.33333e-05
0
0
0
0
0.00565767
0
0
0
0
0
0.321263
0.269444
0
0
0
0.00536765
0
0
0
0
0
0
0
0
0
0
0
0
0
0
0
0
0
0
0
0
0
0
0
0
0.183193
0
0.0471525
2.22222e-05
0.0039375
5.55556e-05
0
0
3.33333e-05
0
0
0
0
0.184087
0
0
0.183193
0.32096
2.63158e-05
1.92308e-05
0.200027
0
0
0
0
0
0.0471525
0
0.00504
5.55556e-05
0
0
3.33333e-05
0
0
0
0
0
0
0
0
0
0
0
0
0
0
0
0
0
0
0
0
0
0
0
0
0.32096
0
0
0.32096
0
0
0.200027
0
0
0
0
0
0
0
0
0
0
0
0
0
0
0
0
0
0
0
0
0
0
0
0
0
0
0
0
0
0
0
0
0
0
0
0
0
0
0
0
0
0.0808158
0.30014
0.244964
0.145821
0.0902308
0.317789
4.34783e-05
0
0.119559
0
0
0
0.00248092
0.00884314
0.0202048
0.221945
0.169029
0
0
6.66667e-05
0.000118644
0
0
0
0
0
0
0
0
0
0
0
0
0
0
0
0
0
1.33333e-05
0
0
1.36986e-05
0
0
3.77358e-05
0
0
0
0.293812
0.0916223
0
0.0148235
0.00057971
0
0
0
0
0
0
0
0
0
0
0
0
0
0
0
0
0
0
0
0
0
0.249962
0.242389
0.146446
0.164327
0
0
0
0
0.219511
0.1132
4.34783e-05
0.0170132
0.0140835
0
0
0
0
0
0
0
0
0
0
0
0
0
0
0
0
0.00418539
0
0
0
0
0.30014
0
4.34783e-05
0.0181972
0.00564062
0
0
0
0
0
0
0
0
0
0
0
0
0
0
0
0
0
0
0
0
0
0
0
0
0
0
0
0
0
0
0
0
0
0
0.0153333
0
0
0
0
0
0
0
0
0
0
0
0
0
0
0
0
0
0
0
0
0
0
0
0
0
0
0
0
0
0
0
0
0
0
0.0808158
0
0.244964
0.145821
0.0902308
0.317789
0
0
0.119559
0
0
0
0.00248092
0.00884314
0.0202048
0.221945
0.169029
0
0
6.66667e-05
0.000118644
0
0
0
0
0
0
0
0
0
0
0
0
0
0
0
0
0
1.33333e-05
0
0
1.36986e-05
0
0
3.77358e-05
0
0
0
0
0.0891167
0.162097
0
0
0.1758
0
0
0
0
0
0
0
0.163237
0.223725
0
0.213167
0.108783
0.145821
0.215484
0.1695
0
0
0
0.00132258
0.00352174
0.10525
0
0.0487647
0.294348
0.221945
0.129807
0.270179
0
0
0
0
0
0.110877
0
0
0.10861
0
0
0.211105
0
0
0
0
0
0.244964
0
0.0902308
0.317789
0
0
0.119559
0
0
0
0
0.00235294
0.0165192
0
0.169029
0
0
6.66667e-05
0.000118644
0
0
0
0
0
0
0
0
0
0
0
0
0
0
0
0
0
1.33333e-05
0
0
1.36986e-05
0
0
3.77358e-05
0
0
0
0
0
0
0
0
0
0
0
0
0
0
0
0
0
0
0
0
0
0
0
0
0
0
0
0
0
0
0
0
0
0
0
0
0
0
0
0
0
0
0
0
0
0
0
0
0
0
0
0
0
0
0
0
0
0
0
0
0
0
0
0
0
0
0.0181972
0.0054697
0
0
0
0
0
0
0
0
0
0
0
0.186983
0
0.213167
0.105765
0
0.215484
0.1695
0
0
0
0
0
0.186983
0
0.213167
0.105765
0
0.215484
0.1695
0
0
0
0
0
0.10525
0
0.111189
0.280018
0
0.111189
0.280018
0
0
0
0
0
0.110877
0
0
0.175188
0
0
0.175188
0
0
0
0
0
0.245312
0
0
0.321
0
0
0.0926935
0
0
0
0
0
0.0263871
0
0
0
0
0
0
0
0
0
0
0
0
0
0
0
0
0
0
0
0
0
0
0
0
0
0
0
0
0
0
0
0
0
0
0
0
0
0
0
0
0
0
0
0
0
0
0
0
0
0
0
0
0
0
0
0
0
0
0
0
0
0
0
0
0
0
0
0
0
0
0
0
0
0
0
0
0
0
0
0
0
0
0
0
0
0
0
0
0
0
0
0
0
0
