0.219286
0
0
0
0
0
0.295717
0
0
0
0
0
0
0
0
0
0
0
0
0
0
0
0
0
0
0
0
0
0
0
0
0
0
0
0
0
0
0
0
0
0
0
0
0
0
0
0
0
0
0.308582
0
0
0
0
0.3109
0
0
0
0
0
0
0
0
0.308582
0
0
0.3109
0
0.308582
0
0
0
0
0
0
0
0
0
0
0
0
0
0
0
0
0
0
0
0
0
0.199882
1.88679e-05
0
0
0
0
0
0
0
0
0
0
0
0
0
0
0
0
0
0.311532
0.266052
0
0
1.88679e-05
0
0
0
0
0
0
1.88679e-05
0
0
0
0
0
0
0
0
0
0
0
0
0
0
0
0
0
0
0.199882
0
0
0
0
0
0
0
0
0
0
0
0
0.19208
0
0
0.199882
0.318482
0
0
0.199699
0
0
0
0
0
0
0
0
0
0
0
0
0
0
0
0
0
0
0
0
0
0
0
0
0
0
0
0
0
0
0
0
0
0
0
0
0.318482
0
0
0.318482
0
0
0.199699
0
0
0
0
0
0
0
0
0
0
0
0
0
0
0
0
0
0
0
0
0
0
0
0
0
0
0
0
0
0
0
0
0
0
0
0
0
0
0
0
0
0.0652381
0.224815
0.254297
0.137646
0.0792586
0.245367
0
0
0.0810196
0
0
0
0
0
0
0.219235
0
0
0
0
0
0
0
0
0
0
0
0
0
0
0
0
0
0
0
0
0
0
0
0
0
0
0
0
0
0
0
0
0.22883
0.0638166
0
0
0
0
0
0
0
0
0
0
0
0
0
0
0
0
0
0
0
0
0
0
0
0
0.223271
0.166414
0.12581
0.12515
0
0
0
0
0.203091
0.120081
0
0
0.00679079
0
0
0
0
0
0
0
0
0
0
0
0
0
0
0
0
0
0
0
0
0
0.224815
0
0
0
0
0
0
0
0
0
0
0
0
0
0
0
0
0
0
0
0
0
0
0
0
0
0
0
0
0
0
0
0
0
0
0
0
0
0
0
0
0
0
0
0
0
0
0
0
0
0
0
0
0
0
0
0
0
0
0
0
0
0
0
0
0
0
0
0
0
0
0
0
0
0.0652381
0
0.254297
0.137646
0.0792586
0.245367
0
0
0.0810196
0
0
0
0
0
0
0.219235
0
0
0
0
0
0
0
0
0
0
0
0
0
0
0
0
0
0
0
0
0
0
0
0
0
0
0
0
0
0
0
0
0
0.074449
0.184925
0
0
0.110545
0
0
0
0
0
0
0
0.174716
0.196845
0
0.188405
0.0945439
0.137646
0.196214
0.175162
0
0
0
0
0
0.0941786
0
0.0472222
0.257987
0.219235
0.112036
0.238898
0
0
0
0
0
0.06745
0
0
0.122902
0
0
0.149112
0
0
0
0
0
0.254297
0
0.0792586
0.245367
0
0
0.0810196
0
0
0
0
0
0
0
0
0
0
0
0
0
0
0
0
0
0
0
0
0
0
0
0
0
0
0
0
0
0
0
0
0
0
0
0
0
0
0
0
0
0
0
0
0
0
0
0
0
0
0
0
0
0
0
0
0
0
0
0
0
0
0
0
0
0
0
0
0
0
0
0
0
0
0
0
0
0
0
0
0
0
0
0
0
0
0
0
0
0
0
0
0
0
0
0
0
0
0
0
0
0
0
0
0
0
0
0
0
0
0
0
0
0
0
0.172657
0
0.188405
0.0945439
0
0.196214
0.175162
0
0
0
0
0
0.172657
0
0.188405
0.0945439
0
0.196214
0.175162
0
0
0
0
0
0.0941786
0
0.0960548
0.249644
0
0.0960548
0.249644
0
0
0
0
0
0.06745
0
0
0.139564
0
0
0.139564
0
0
0
0
0
0.221797
0
0
0.157167
0
0
0.0490143
0
0
0
0
0
0
0
0
0
0
0
0
0
0
0
0
0
0
0
0
0
0
0
0
0
0
0
0
0
0
0
0
0
0
0
0
0
0
0
0
0
0
0
0
0
0
0
0
0
0
0
0
0
0
0
0
0
0
0
0
0
0
0
0
0
0
0
0
0
0
0
0
0
0
0
0
0
0
0
0
0
0
0
0
0
0
0
0
0
0
0
0
0
0
0
0
0
0
0
0
