0.132541
0
0
0
0
0
0.2402
0
0
0
0
0
0
0
0
0
0
0
0
0
0
0
0
0
0
0
0
0
0
0
0
0
0
0
0
0
0
0
0
0
0
0
0
0
0
0
0
0
0
0.115849
0
0
0
0
0.260222
0
0
0
0
0
0
0
0
0.115849
0
0
0.260222
0
0.115849
0
0
0
0
0
0
0
0
0
0
0
0
0
0
0
0
0
0
0
0
0
0.167188
0
0
0
0
0
0
0
0
0
0
0
0
0
0
0
0
0
0
0.307176
0.24279
0
0
0
0
0
0
0
0
0
0
0
0
0
0
0
0
0
0
0
0
0
0
0
0
0
0
0
0
0.167188
0
0
0
0
0
0
0
0
0
0
0
0
0.141893
0
0
0.167188
0.306458
0
0
0.211911
0
0
0
0
0
0
0
0
0
0
0
0
0
0
0
0
0
0
0
0
0
0
0
0
0
0
0
0
0
0
0
0
0
0
0
0
0.306458
0
0
0.306458
0
0
0.211911
0
0
0
0
0
0
0
0
0
0
0
0
0
0
0
0
0
0
0
0
0
0
0
0
0
0
0
0
0
0
0
0
0
0
0
0
0
0
0
0
0
0.0699091
0.0340645
0.141544
0.0728222
0.011
0.00926562
0
0
0
0
0
0
0
0
0
0.0353276
0
0
0
0
0
0
0
0
0
0
0
0
0
0
0
0
0
0
0
0
0
0
0
0
0
0
0
0
0
0
0
0
0.0203833
0
0
0
0
0
0
0
0
0
0
0
0
0
0
0
0
0
0
0
0
0
0
0
0
0
0.252674
0.141077
0.13567
0.162073
0
0
0
0
0.112768
0
0
0
0
0
0
0
0
0
0
0
0
0
0
0
0
0
0
0
0
0
0
0
0
0
0.0340645
0
0
0
0
0
0
0
0
0
0
0
0
0
0
0
0
0
0
0
0
0
0
0
0
0
0
0
0
0
0
0
0
0
0
0
0
0
0
0
0
0
0
0
0
0
0
0
0
0
0
0
0
0
0
0
0
0
0
0
0
0
0
0
0
0
0
0
0
0
0
0
0
0
0.0699091
0
0.141544
0.0728222
0.011
0.00926562
0
0
0
0
0
0
0
0
0
0.0353276
0
0
0
0
0
0
0
0
0
0
0
0
0
0
0
0
0
0
0
0
0
0
0
0
0
0
0
0
0
0
0
0
0
0.0821228
0.176868
0
0
0.0550417
0
0
0
0
0
0
0
0.129689
0.185393
0
0.225861
0.1024
0.0728222
0.1876
0.152462
0
0
0
0
0
0
0
0.0142105
0.0170784
0.0353276
0.0878033
0.0207746
0
0
0
0
0
0.117646
0
0
0.137542
0
0
0.162141
0
0
0
0
0
0.141544
0
0.011
0.00926562
0
0
0
0
0
0
0
0
0
0
0
0
0
0
0
0
0
0
0
0
0
0
0
0
0
0
0
0
0
0
0
0
0
0
0
0
0
0
0
0
0
0
0
0
0
0
0
0
0
0
0
0
0
0
0
0
0
0
0
0
0
0
0
0
0
0
0
0
0
0
0
0
0
0
0
0
0
0
0
0
0
0
0
0
0
0
0
0
0
0
0
0
0
0
0
0
0
0
0
0
0
0
0
0
0
0
0
0
0
0
0
0
0
0
0
0
0
0
0.169706
0
0.225861
0.105635
0
0.1876
0.152462
0
0
0
0
0
0.169706
0
0.225861
0.105635
0
0.1876
0.152462
0
0
0
0
0
0
0
0.070325
0.0192295
0
0.070325
0.0192295
0
0
0
0
0
0.117646
0
0
0.15277
0
0
0.15277
0
0
0
0
0
0.162769
0
0
0
0
0
0
0
0
0
0
0
0
0
0
0
0
0
0
0
0
0
0
0
0
0
0
0
0
0
0
0
0
0
0
0
0
0
0
0
0
0
0
0
0
0
0
0
0
0
0
0
0
0
0
0
0
0
0
0
0
0
0
0
0
0
0
0
0
0
0
0
0
0
0
0
0
0
0
0
0
0
0
0
0
0
0
0
0
0
0
0
0
0
0
0
0
0
0
0
0
0
0
0
0
0
0
