0.226396
0
0
0
0
0
0.258782
0
0
0
0
0
0
0
0
0
0
0
0
0
0
0
0
0
0
0
0
0
0
0
0
0
0
0
0
0
0
0
0
0
0
0
0
0
0
0
0
0
0
0.308407
0
0
0
0
0.3044
0
0
0
0
0
0
0
0
0.308407
0
0
0.3044
0
0.308407
0
0
0
0
0
0
0
0
0
0
0
0
0
0
0
0
0
0
0
0
0
0.186295
0
0.0441324
0
0
0
0
0
0
0
0
0
1.66667e-05
4.85437e-06
0
0
0
0
0
0.306976
0.257116
0
0
0
0
0
0
0
0
0
0
0
0
0
0
0
0
0
0
0
0
0
0
0
0
0
0
0
0
0.186295
0
0.0441324
0
0
0
0
0
0
0
0
0
0
0.20363
0
0
0.186295
0.309881
0
0
0.210339
0
0
0
0
0
0.0441324
0
0
0
0
0
0
0
0
0
0
0
0
0
0
0
0
0
0
0
0
0
0
0
0
0
0
0
0
0
0
0.309881
0
0
0.309881
0
0
0.210339
0
0
0
0
0
0
0
0
0
0
0
0
0
0
0
0
0
0
0
0
0
0
0
0
0
0
0
0
0
0
0
0
0
0
0
0
0
0
0
0
0
0.0866471
0.273155
0.251323
0.150905
0.115566
0.303741
0
1.42857e-05
0.094377
0
0
0
0
0
0
0.189404
0.138097
8.77193e-05
0
0
0
0
0
0
0
0
0
0
0
0
0
0
0
0
0
0
0
0
0
0
0
0
0
0
0
0
0
0
0.29
0.0823103
1.72414e-05
0
0
0
0
0
0
0
0
0
0
0
0
0
0
0
0
0
0
0
0
0
0
0
0.240744
0.222806
0.129368
0.168025
0
0
0
0
0.214139
0.129954
0
0
0.0113723
0
0
0
0
0
0
0
0
0
0
0
0
0
0
0
0
0
0
0
0
0
0.273155
0
0
0
1.5873e-05
0
0
0
0
0
0
0
0
0
0
0
0
0
0
0
0
0
0
0
0
0
0
0
0
0
0
0
0
0
0
0
0
0
0
0
0
0
0
0
0
0
0
0
0
0
0
0
0
0
0
0
0
0
0
0
0
0
0
0
0
0
0
0
0
0
0
0
0
0
0.0866471
0
0.251323
0.150905
0.115566
0.303741
0
1.42857e-05
0.094377
0
0
0
0
0
0
0.189404
0.138097
8.77193e-05
0
0
0
0
0
0
0
0
0
0
0
0
0
0
0
0
0
0
0
0
0
0
0
0
0
0
0
0
0
0
0
0.0863448
0.169094
0
0
0.157667
0
0
0
0
0
0
0
0.17248
0.214689
0
0.238523
0.130651
0.150905
0.220061
0.146324
0
0
0
0
0
0.12622
0
0.166538
0.263203
0.189404
0.137388
0.264607
0
0
0
0
0
0.0737097
0
0
0.113766
0
0
0.15908
0
0
0
0
0
0.251323
0
0.115566
0.303741
0
1.42857e-05
0.094377
0
0
0
0
0
0
0
0.138097
8.77193e-05
0
0
0
0
0
0
0
0
0
0
0
0
0
0
0
0
0
0
0
0
0
0
0
0
0
0
0
0
0
0
0
0
0
0
0
0
0
0
0
0
0
0
0
0
0
0
0
0
0
0
0
0
0
0
0
0
0
0
0
0
0
0
0
0
0
0
0
0
0
0
0
0
0
0
0
0
0
0
0
0
0
0
0
0
0
0
0
0
0
0
0
0
0
0
1.5873e-05
0
0
0
0
0
0
0
0
0
0
0
0.185508
0
0.238523
0.127677
0
0.220061
0.146324
0
0
0
0
0
0.185508
0
0.238523
0.127677
0
0.220061
0.146324
0
0
0
0
0
0.12622
0
0.1435
0.263887
0
0.1435
0.263887
0
0
0
0
0
0.0737097
0
0
0.143304
0
0
0.143304
0
0
0
0
0
0.21977
0
0
0.301833
0
0
0.06255
0
0
0
0
0
0
0
0
0
0
0
0
0
0
0
0
0
0
0
0
0
0
0
0
0
0
0
0
0
0
0
0
0
0
0
0
0
0
0
0
0
0
0
0
0
0
0
0
0
0
0
0
0
0
0
0
0
0
0
0
0
0
0
0
0
0
0
0
0
0
0
0
0
0
0
0
0
0
0
0
0
0
0
0
0
0
0
0
0
0
0
0
0
0
0
0
0
0
0
0
