0.223899
0.0296769
0
0
0
0
0.266358
0
0
0
0
0
0
0
0
0
0
0
0.0296769
0
0
0
0
0
0
0
0
0
0
0
0
0
0
0
0
0
0
0
0
0
0
0
0
0
0
0
0
0
0
0.322117
0.00475
0
0.00169231
0
0.294333
0
0.00475
0
0.00475
0
0
0
0
0.322117
0
0
0.294333
0
0.322117
0
0
0
0
0
0
0
0
0
0
0
0
0
0
0
0
0
0
0
0
0
0.188574
0
0.0320169
0
0.00157576
1.5873e-05
0
0
0
0
0
0
0
0.00418642
0
0
0
0
0
0.303605
0.255621
0
0
0
0.0024
0
0
0
0
0
0
0
0
0
0
0
0
0
0
0
0
0
0
0
0
0
0
0
0
0.188574
0
0.0320169
0
0.00157576
1.5873e-05
0
0
0
0
0
0
0
0.216719
0
0
0.188574
0.306437
0
0
0.213524
0
0
0
0
0
0.0320169
0
0.0017931
1.5873e-05
0
0
0
0
0
0
0
0
0
0
0
0
0
0
0
0
0
0
0
0
0
0
0
0
0
0
0
0.306437
0
0
0.306437
0
0
0.213524
0
0
0
0
0
0
0
0
0
0
0
0
0
0
0
0
0
0
0
0
0
0
0
0
0
0
0
0
0
0
0
0
0
0
0
0
0
0
0
0
0
0.0641765
0.284275
0.241594
0.135971
0.0925455
0.319736
0.000147541
0
0.104271
0
0
0
0.00262016
0.0046129
0.0114368
0.210553
0.113342
0
0
6.89655e-05
4.54545e-05
0
0
0
0
0
0
0
2.85714e-05
0
0
0
0
0
0
0
0
0
0
0
0
0
0
0
0
0
0
0
0.2965
0.0876662
2e-05
0.00823188
0.000725806
0
0
0
0
0
0
0
0
0
0
0
0
0
0
0
0
0
0
0
0
0
0.253194
0.204081
0.135769
0.153888
0
0
0
0
0.217214
0.15694
0.000147541
0.0143333
0.0119434
0
0
0
0
0
0
0
0
0
0
0
0
0
0
0
0
0.00134118
0
0
0
0
0.284275
0
0.000147541
0.0153286
0.000111111
0
0
0
0
0
0
0
0
0
0
0
0
0
0
0
0
0
0
0
0
0
0
0
0
0
0
0
0
0
0
0
0
0
0
0.00176087
0
0
0
0
0
0
0
0
0
0
0
0
0
0
0
0
0
0
0
0
0
0
0
0
0
0
0
0
0
0
0
0
0
0
0.0641765
0
0.241594
0.135971
0.0925455
0.319736
0
0
0.104271
0
0
0
0.00262016
0.0046129
0.0114368
0.210553
0.113342
0
0
6.89655e-05
4.54545e-05
0
0
0
0
0
0
0
2.85714e-05
0
0
0
0
0
0
0
0
0
0
0
0
0
0
0
0
0
0
0
0
0.0777193
0.177756
0
0
0.0546667
0
0
0
0
0
0
0
0.13875
0.210161
0
0.24581
0.106267
0.135971
0.207878
0.166588
0
0
0
0.000338235
0.00516393
0.127296
0
0.1357
0.273984
0.210553
0.0923396
0.276284
0
0
0
0
0
0.0891897
0
0
0.162086
0
0
0.161033
0
0
0
0
0
0.241594
0
0.0925455
0.319736
0
0
0.104271
0
0
0
0
0.00740426
0.0171887
0
0.113342
0
0
6.89655e-05
4.54545e-05
0
0
0
0
0
0
0
2.85714e-05
0
0
0
0
0
0
0
0
0
0
0
0
0
0
0
0
0
0
0
0
0
0
0
0
0
0
0
0
0
0
0
0
0
0
0
0
0
0
0
0
0
0
0
0
0
0
0
0
0
0
0
0
0
0
0
0
0
0
0
0
0
0
0
0
0
0
0
0
0
0
0
0
0
0
0
0
0
0
0
0
0
0
0.0153286
0.000111111
0
0
0
0
0
0
0
0
0
0
0
0.182365
0
0.24581
0.106267
0
0.207878
0.166588
0
0
0
0
0
0.182365
0
0.24581
0.106267
0
0.207878
0.166588
0
0
0
0
0
0.127296
0
0.0992222
0.275178
0
0.0992222
0.275178
0
0
0
0
0
0.0891897
0
0
0.16144
0
0
0.16144
0
0
0
0
0
0.238043
0
0
0.322667
0
4.08163e-05
0.0736538
0
0
0
0
0
0.00247059
0
0
0
0
0
0
0
0
0
0
0
0
0
0
0
0
0
0
0
0
0
0
0
0
0
0
0
0
0
0
0
0
0
0
0
0
0
0
0
0
0
0
0
0
0
0
0
0
0
0
0
0
0
0
0
0
0
0
0
0
0
0
0
0
0
0
0
0
0
0
0
0
0
0
0
0
0
0
0
0
0
0
0
0
0
0
0
0
0
0
0
0
0
0
