0.2137
0.0151905
0
0
0
0
0.243886
0
0
0
0
0
0
0
0
0
0
0
0.0151905
0
0
0
0
0
0
0
0
0
0
0
0
0
0
0
0
0
0
0
0
0
0
0
0
0
0
0
0
0
0
0.304145
0.00348936
0
0.00215385
0
0.2808
0
0.00348936
0
0.00348936
0
0
0
0
0.304145
0
0
0.2808
0
0.304145
0
0
0
0
0
0
0
0
0
0
0
0
0
0
0
0
0
0
0
0
0
0.160107
0
0.0371667
0
0.00270833
3.77358e-05
0
0
0.000166667
0
0
0
0
0.0056382
0
0
0
0
0
0.305314
0.267795
0
0
0
0.00344444
0
0
0
0
0
0
0
0
0
0
0
0
0
0
0
0
0
0
0
0
0
0
0
0
0.160107
0
0.0371667
0
0.00270833
3.77358e-05
0
0
0.000166667
0
0
0
0
0.222387
0
0
0.160107
0.303526
0
0
0.230414
0
0
0
0
0
0.0371667
0
0.00361111
3.77358e-05
0
0
0.000166667
0
0
0
0
0
0
0
0
0
0
0
0
0
0
0
0
0
0
0
0
0
0
0
0
0.303526
0
0
0.303526
0
0
0.230414
0
0
0
0
0
0
0
0
0
0
0
0
0
0
0
0
0
0
0
0
0
0
0
0
0
0
0
0
0
0
0
0
0
0
0
0
0
0
0
0
0
0.0977903
0.2874
0.225
0.141773
0.104219
0.297333
4.44444e-05
3.57143e-05
0.182263
0
0
0
0.00549
0.00515556
0.0140125
0.216712
0.138121
3.7037e-05
0
7.89474e-05
2.98507e-05
0
0
0
0
0
0
0
3.44828e-05
0
0
0
0
0
0
0
0
0
1.44928e-05
0
0
0
0
0
0
0
0
0
0.288172
0.0922522
0
0.0154219
0.0038
0
0
0
0
0
0
0.0004
0
0
0
0
0
0
0
0
0
0
0
0
0
0
0.242471
0.191094
0.14342
0.153882
0
0
0
0
0.208056
0.04748
4.44444e-05
0.0125455
0.0255671
0
0
0
0
0
0
0
0
0
0
0
0
0
0
0
0
0.00275949
0
0
0
0
0.2874
0
4.44444e-05
0.0138
0.0134118
0
0
0
0
0
0
0
0
0
0
0
0
0
0
0
0
0
0
0
0
0
0
0
0
0
0
0
0
0
0
0
0
0
0
0.00746154
0
0
0
0
0
0
0
0
0
0
0
0
0
0
0
0
0
0
0
0
0
0
0
0
0
0
0
0
0
0
0
0
0
0
0.0977903
0
0.225
0.141773
0.104219
0.297333
0
3.57143e-05
0.182263
0
0
0
0.00549
0.00515556
0.0140125
0.216712
0.138121
3.7037e-05
0
7.89474e-05
2.98507e-05
0
0
0
0
0
0
0
3.44828e-05
0
0
0
0
0
0
0
0
0
1.44928e-05
0
0
0
0
0
0
0
0
0
0
0.111578
0.186358
0
0
0.0880526
0
0
0
0
0
0
0
0.17993
0.198634
0
0.216
0.127632
0.141773
0.209638
0.154979
0
0
0
0.00690244
0.00450847
0.126189
0
0.0730526
0.256057
0.216712
0.125353
0.260233
0
0
0
0
0
0.104646
0
0
0.141159
0
0
0.18723
0
0
0
0
0
0.225
0
0.104219
0.297333
0
3.57143e-05
0.182263
0
0
0
0
0.002
0.0153333
0
0.138121
3.7037e-05
0
7.89474e-05
2.98507e-05
0
0
0
0
0
0
0
3.44828e-05
0
0
0
0
0
0
0
0
0
1.44928e-05
0
0
0
0
0
0
0
0
0
0
0
0
0
0
0
0
0
0
0
0
0
0
0
0
0
0
0
0
0
0
0
0
0
0
0
0
0
0
0
0
0
0
0
0
0
0
0
0
0
0
0
0
0
0
0
0
0
0
0
0
0
0
0
0
0
0
0
0
0
0
0
0
0.0138
0.0134118
0
0
0
0
0
0
0
0
0
0
0
0.168152
0
0.216
0.124866
0
0.209638
0.154979
0
0
0
0
0
0.168152
0
0.216
0.127632
0
0.209638
0.154979
0
0
0
0
0
0.126189
0
0.113931
0.258274
0
0.113931
0.258274
0
0
0
0
0
0.104646
0
0
0.170051
0
0
0.170051
0
0
0
0
0
0.24614
0
0
0.3104
0
4e-05
0.199667
0
0
0
0
0
0.0107391
0
0
0
0
0
0
0
0
0
0
0
0
0
0.000142857
0
0
0
0
0
0
0
0
0
0
0
0
0
0
0
0
0
0
0
0
0
0
0
0
0
0
0
0
0
0
0
0
0
0
0
0
0
0
0
0
0
0
0
0
0
0
0
0
0
0
0
0
0
0
0
0
0
0
0
0
0
0
0
0
0
0
0
0
0
0
0
0
0
0
0
0
0
0
0
0
