0
0.012901639344262295
0
0
0
0
0.23617391304347826
0
0
0
0
0
0
0
0
0
0
0
0
0
0
0
0
0
0
0
0
0
0
0
0
0
0
0
0
0
0
0
0
0
0
0
0
0
0
0
0
0
0
0
0
0
0.0015614035087719298
0
0.2983529411764706
0
0
0
0.0012777777777777779
0
0
0
0
0.30374074074074076
0
0
0
0
0
0
0
0
0
0
0
0
0
0
0
0
0
0
0
0
0
0
0
0
0
0
0
0
0
0.0
0.0
0
0
0
0
0
0
0
0.0
0
0
0
0
0
0
0.3046111111111111
0
0
0
0
0.0045507246376811595
0
0
0
0
0
2.0408163265306123e-05
0
0
0
0
0
0
0
0
0
0
0
0
0
0
0
0
0
0
0.17936666666666667
0
0.0423728813559322
1.8518518518518518e-05
0.009952380952380952
1.388888888888889e-05
0
0
4.761904761904762e-05
0
0
0
0
0.20242424242424242
0
0
0
0
0
0
0
0
0
0
0
0
0
0
0
0
0
0
0
0
0
0
0
0
0
0
0
0
0
0
0
0
0
0
0
0
0
0
0
0
0
0
0
0
0
0
0.30750943396226416
0
0
0.19129032258064516
0
0
0
0
0
0
0
0
0
0
0
0
0
0
0
0
0
0
0
0
0
0
0
0
0
0
0
0
0
0
0
0
0
0
0
0
0
0
0
0
0
0
0
0
0
0
0
0
0
0
0
0
0
0.010016666666666667
0.005911111111111111
0.022069767441860465
0
0
0
0
0
0
0
0
0
0
0
0
0
0
0
0
0
0
0
0
0
0
0
0
0
0
0
0
0
0
0
0
0
0.2604901960784314
0
1.7241379310344828e-05
0.024015873015873015
0.00013559322033898305
0
0
0
0
0
0
0.0
0
0
0
0
0
0
0
0
0
0.0
0
0
0
0
0.24406
0.19025
0
0
0
0
0
0
0
0.14349180327868852
0
0
0
0
0
0
0
0
0
0
0
0
0
0
0
0
0
0
0
0
0
0
0
0
0.26049122807017544
0
0.00010714285714285714
0.01025
0.0008701298701298702
0
0
0
0
0
0.0
0.0
0
0
0
0
0
0
0
0
0
0.0
0
0
0
0
0.0
0
0
0
0
0
0
0
0
0
0
0
0
0
0
0
0
0
0
0
0
0
0
0
0
0
0
0
0
0
0
0
0
0
0
0
0
0
0
0
0
0
0
0
0
0
0
0
0.09354545454545454
0
0.24810714285714286
0.13314285714285715
0.12348275862068965
0.3009782608695652
0
1.4705882352941177e-05
0.0982
0
0
0
0.005392857142857143
0.005584905660377358
0.002025974025974026
0.17666037735849058
0.10034615384615385
0.0
0
0.0
0.0006229508196721311
0
0
0
0
0
0
0
4.761904761904762e-05
0
0
0
0
0
0
0
0
0
0.0
0
0
1.0989010989010989e-05
0
0
0.0
0
0
0
0
0.07572881355932204
0.1848
0
0
0.147
0
0
0
0
0
0
0
0
0
0
0
0
0
0
0
0
0
0
0
0
0
0
0
0
0
0
0
0
0
0
0
0
0
0
0
0
0
0
0
0
0
0
0
0
0
0
0
0
0
0
0
0
0
0
0
0
0
0
0
0
0
0
0
0
0
0
0
0
0
0
0
0
0
0
0
0
0
0
0
0
0
0
0
0
0
0
0
0
0
0
0
0
0
0
0
0
0
0
0
0
0
0
0
0
0
0
0
0
0
0
0
0
0
0
0
0
0
0
0
0
0
0
0
0
0
0
0
0
0
0
0
0
0
0
0
0
0
0
0
0
0
0
0
0
0
0
0
0
0
0
0
0
0
0
0
0
0
0
0
0
0
0
0
0
0
0
0
0
0
0
0
0
0
0
0
0
0
0
0.18648214285714285
0
0.2228
0.09530357142857143
0
0.17688679245283018
0.16642553191489362
0
0
0
0
0
0.12439655172413792
0
0.10770588235294118
0.2649493670886076
0
0.099375
0.2651833333333333
0
0
0
0
0
0.10497872340425532
0
0
0.1510952380952381
0
0
0.16725714285714285
0
0
0
0
0
0.26805172413793105
0
0
0.31566666666666665
0
2.857142857142857e-05
0.09033333333333333
0
0
0
0
0
0
0
0
0
0
0
0
0
0
0
0
0
0
0
0.00013333333333333334
