0.212932
0.00156364
0
0
0
0
0.220143
0
0
0
0
0
0
0
0
0
0
0
0.00156364
0
0
0
0
0
0
0
0
0
0
0
0
0
0
0
0
0
0
0
0
0
0
0
0
0
0
0
0
0
0
0.298786
2.04082e-05
0
2.38095e-05
0
0.318412
0
2.04082e-05
0
2.04082e-05
0
0
0
0
0.298786
0
0
0.318412
0
0.298786
0
0
0
0
0
0
0
0
0
0
0
0
0
0
0
0
0
0
0
0
0
0.189855
0
0.0328082
8.77193e-06
6.45161e-05
5.40541e-05
0
0
0.000166667
0
0
0
0
0.000732764
0
0
0
0
0
0.31819
0.271241
0
0
0
0.0034127
0
0
0
0
0
0
0
0
0
0
0
0
0
0
0
0
0
0
0
0
0
0
0
0
0.189855
0
0.0328082
8.77193e-06
6.45161e-05
5.40541e-05
0
0
0.000166667
0
0
0
0
0.200929
0
0
0.189855
0.322359
0
1.6129e-05
0.206028
0
0
0
0
0
0.0328082
0
8.33333e-05
5.40541e-05
0
0
0.000166667
0
0
0
0
0
0
0
0
0
0
0
0
0
0
0
0
0
0
0
0
0
0
0
0
0.322359
0
0
0.322359
0
0
0.206028
0
0
0
0
0
0
0
0
0
0
0
0
0
0
0
0
0
0
0
0
0
0
0
0
0
0
0
0
0
0
0
0
0
0
0
0
0
0
0
0
0
0.0823077
0.264925
0.22834
0.0890426
0.0708514
0.295785
0
0
0.11019
0
0
0
0.00132203
3.33333e-05
0.00117442
0.213617
0.101619
2e-05
0
3.22581e-05
6.66667e-05
0
0
0
0
0
0
0
8.33333e-05
0
0
0
0
0
0
0
0
0
0
0
0
1.26582e-05
0
0
0.000102941
0
0
0
0.261351
0.0821845
1.85185e-05
0.000791667
0.00151429
0
0
0
0
0
0
0
0
0
0
0
0
0
0
0
0
0
0
0
0
0
0.23145
0.236625
0.127828
0.18268
0
0
0
0
0.214363
0.132732
0
4.93827e-05
0.012896
0
0
0
0
0
0
0
0
0
0
0
0
0
0
0
0
2.02703e-05
0
0
0
0
0.264925
0
0
5.12821e-05
0.00101724
0
0
0
0
0
0
0
0
0
0
0
0
0
0
0
0
0
0
0
0
0
0
0
0
0
0
0
0
0
0
0
0
0
0
5.40541e-05
0
0
0
0
0
0
0
0
0
0
0
0
0
0
0
0
0
0
0
0
0
0
0
0
0
0
0
0
0
0
0
0
0
0
0.0823077
0
0.22834
0.0890426
0.0708514
0.295785
0
0
0.11019
0
0
0
0.00132203
3.33333e-05
0.00117442
0.213617
0.101619
2e-05
0
3.22581e-05
6.66667e-05
0
0
0
0
0
0
0
8.33333e-05
0
0
0
0
0
0
0
0
0
0
0
0
1.26582e-05
0
0
0.000102941
0
0
0
0
0.09675
0.166397
0
0
0.158958
0
0
0
0
0
0
0
0.152615
0.222929
0
0.222295
0.100075
0.0890426
0.209662
0.150636
0
0
0
0.000666667
0.00207273
0.0906712
0
0.121625
0.245833
0.213617
0.131755
0.262348
0
0
0
0
0
0.10755
0
0
0.118475
0
0
0.189687
0
0
0
0
0
0.22834
0
0.0708514
0.295785
0
0
0.11019
0
0
0
0
1.88679e-05
0.000876923
0
0.101619
2e-05
0
3.22581e-05
6.66667e-05
0
0
0
0
0
0
0
8.33333e-05
0
0
0
0
0
0
0
0
0
0
0
0
1.26582e-05
0
0
0.000102941
0
0
0
0
0
0
0
0
0
0
0
0
0
0
0
0
0
0
0
0
0
0
0
0
0
0
0
0
0
0
0
0
0
0
0
0
0
0
0
0
0
0
0
0
0
0
0
0
0
0
0
0
0
0
0
0
0
0
0
0
0
0
0
0
0
0
5.12821e-05
0.00101724
0
0
0
0
0
0
0
0
0
0
0
0.194894
0
0.222295
0.100075
0
0.209662
0.150636
0
0
0
0
0
0.194894
0
0.222295
0.100075
0
0.209662
0.150636
0
0
0
0
0
0.0906712
0
0.129406
0.254274
0
0.129406
0.254274
0
0
0
0
0
0.10755
0
0
0.160099
0
0
0.160099
0
0
0
0
0
0.244449
0
0
0.305167
0
2.27273e-05
0.0811493
0
0
0
0
0
0.00209524
0
0
0
0
0
0
0
0
0
0
0
0
0
0.000105263
0
0
0
0
0
0
0
0
0
0
0
0
0
0
0
0
0
0
0
0
0
0
0
0
0
0
0
0
0
0
0
0
0
0
0
0
0
0
0
0
0
0
0
0
0
0
0
0
0
0
0
0
0
0
0
0
0
0
0
0
0
0
0
0
0
0
0
0
0
0
0
0
0
0
0
0
0
0
0
0
