0.217039
0.00830909
0
0
0
0
0.246411
0
0
0
0
0
0
0
0
0
0
0
0.00830909
0
0
0
0
0
0
0
0
0
0
0
0
0
0
0
0
0
0
0
0
0
0
0
0
0
0
0
0
0
0
0.294788
1.53846e-05
0
6.25e-05
0
0.287111
0
1.53846e-05
0
1.53846e-05
0
0
0
0
0.294788
0
0
0.287111
0
0.294788
0
0
0
0
0
0
0
0
0
0
0
0
0
0
0
0
0
0
0
0
0
0.160691
0
0.0409028
0
4.7619e-05
2.94118e-05
0
0
8e-05
0
0
0
0
0.000299639
0
0
0
0
0
0.297705
0.245654
0
0
0
0
0
0
0
0
0
0
0
0
0
0
0
0
0
0
0
0
0
0
0
0
0
0
0
0
0.160691
0
0.0409028
0
4.7619e-05
2.94118e-05
0
0
8e-05
0
0
0
0
0.161222
0
0
0.160691
0.296408
0
0
0.177536
0
0
0
0
0
0.0409028
0
5.88235e-05
2.94118e-05
0
0
8e-05
0
0
0
0
0
0
0
0
0
0
0
0
0
0
0
0
0
0
0
0
0
0
0
0
0.296408
0
0
0.296408
0
0
0.177536
0
0
0
0
0
0
0
0
0
0
0
0
0
0
0
0
0
0
0
0
0
0
0
0
0
0
0
0
0
0
0
0
0
0
0
0
0
0
0
0
0
0.0731731
0.270024
0.244172
0.123244
0.0899038
0.294073
0
0
0.0773667
0
0
0
3.7037e-05
0
2.10526e-05
0.186145
0.134466
0
0
9.25926e-05
8.97436e-05
0
0
0
0
0
0
0
7.69231e-05
0
0
0
0
0
0
0
0
0
0
0
0
0
0
0
5.19481e-05
0
0
0
0.274877
0.0901418
0
0
1.78571e-05
0
0
0
0
0
0
0
0
0
0
0
0
0
0
0
0
0
0
0
0
0
0.21434
0.23225
0.118357
0.143035
0
0
0
0
0.21619
0.140403
0
0
0.0154989
0
0
0
0
0
0
0
0
0
0
0
0
0
0
0
0
2.66667e-05
0
0
0
0
0.270024
0
0
0
2.63158e-05
0
0
0
0
0
0
0
0
0
0
0
0
0
0
0
0
0
0
0
0
0
0
0
0
0
0
0
0
0
0
0
0
0
0
0
0
0
0
0
0
0
0
0
0
0
0
0
0
0
0
0
0
0
0
0
0
0
0
0
0
0
0
0
0
0
0
0
0
0
0.0731731
0
0.244172
0.123244
0.0899038
0.294073
0
0
0.0773667
0
0
0
3.7037e-05
0
2.10526e-05
0.186145
0.134466
0
0
9.25926e-05
8.97436e-05
0
0
0
0
0
0
0
7.69231e-05
0
0
0
0
0
0
0
0
0
0
0
0
0
0
0
5.19481e-05
0
0
0
0
0.0854048
0.175958
0
0
0.1236
0
0
0
0
0
0
0
0.150933
0.182707
0
0.20451
0.0900462
0.123244
0.186208
0.141913
0
0
0
1.78571e-05
5.76923e-05
0.10937
0
0.122
0.264661
0.186145
0.125149
0.278175
0
0
0
0
0
0.0607581
0
0
0.0907188
0
0
0.180295
0
0
0
0
0
0.244172
0
0.0899038
0.294073
0
0
0.0773667
0
0
0
0
0
2.98507e-05
0
0.134466
0
0
9.25926e-05
8.97436e-05
0
0
0
0
0
0
0
7.69231e-05
0
0
0
0
0
0
0
0
0
0
0
0
0
0
0
5.19481e-05
0
0
0
0
0
0
0
0
0
0
0
0
0
0
0
0
0
0
0
0
0
0
0
0
0
0
0
0
0
0
0
0
0
0
0
0
0
0
0
0
0
0
0
0
0
0
0
0
0
0
0
0
0
0
0
0
0
0
0
0
0
0
0
0
0
0
0
2.63158e-05
0
0
0
0
0
0
0
0
0
0
0
0.13008
0
0.20451
0.0900462
0
0.186208
0.141913
0
0
0
0
0
0.13008
0
0.20451
0.0900462
0
0.186208
0.141913
0
0
0
0
0
0.10937
0
0.124637
0.271815
0
0.124637
0.271815
0
0
0
0
0
0.0607581
0
0
0.139923
0
0
0.139923
0
0
0
0
0
0.251048
0
0
0.301333
0
0
0.125281
0
0
0
0
0
0
0
0
0
0
0
0
0
0
0
0
0
0
0
6.66667e-05
0
0
0
0
0
0
0
0
0
0
0
0
0
0
0
0
0
0
0
0
0
0
0
0
0
0
0
0
0
0
0
0
0
0
0
0
0
0
0
0
0
0
0
0
0
0
0
0
0
0
0
0
0
0
0
0
0
0
0
0
0
0
0
0
0
0
0
0
0
0
0
0
0
0
0
0
0
0
0
0
