0.00555 250.0 0.0
0.02222 250.0 0.0
0.03888 250.0 0.0
0.1666 250.0 0.0
0.2222 250.0 0.0
0.01111 40.0 0.0
0.05555 40.0 1.0
0.1666 40.0 0.0
0.01111 140.0 1.0
0.05555 140.0 0.0
0.1111 140.0 0.0
0.1666 140.0 0.0
0.01111 160.0 0.0
0.1666 160.0 0.0
0.2222 160.0 0.0
0.2777 160.0 0.0
0.3333 160.0 0.0
0.02222 80.0 0.0
0.1111 80.0 0.0
0.1666 80.0 0.0
0.2222 80.0 0.0
0.2777 80.0 0.0
0.02222 120.0 0.0
0.03888 120.0 0.0
0.05555 120.0 1.0
0.02222 180.0 0.0
0.03888 180.0 0.0
0.1111 180.0 0.0
0.2222 180.0 0.0
0.02222 210.0 0.0
0.03888 210.0 0.0
0.05555 210.0 0.0
0.2222 210.0 0.0
0.2222 10.0 0.0
