0.00555 10.0 0.0
0.03888 10.0 0.0
0.1111 10.0 0.0
0.1666 10.0 0.3333333333333333
0.00555 20.0 1.0
0.05555 20.0 0.0
0.2222 20.0 0.0
0.2777 20.0 0.0
0.00555 40.0 1.0
0.01111 40.0 1.0
0.02222 40.0 0.5
0.03888 40.0 0.0
0.00555 180.0 0.0
0.05555 180.0 0.0
0.1111 180.0 0.0
0.2777 180.0 0.0
0.01111 80.0 1.5
0.02222 80.0 0.0
0.1111 80.0 0.5
0.1666 80.0 1.0
0.2222 80.0 0.0
0.01111 120.0 1.0
0.05555 120.0 1.0
0.1111 120.0 0.0
0.01111 160.0 0.0
0.03888 160.0 0.0
0.05555 160.0 0.0
0.1111 160.0 1.0
0.2777 160.0 0.0
0.01111 210.0 0.0
0.02222 210.0 0.0
0.1111 210.0 0.0
0.2222 210.0 0.0
0.3333 210.0 0.0
0.02222 250.0 0.0
0.05555 250.0 0.0
0.1666 250.0 0.0
