0.00555 10.0 102.03225806451613
0.01111 10.0 102.63157894736842
0.02222 10.0 77.18181818181819
0.03888 10.0 85.45161290322581
0.05555 10.0 139.5
0.1111 10.0 107.55555555555556
0.1666 10.0 102.51515151515152
0.2222 10.0 93.125
0.2777 10.0 93.76190476190477
0.3333 10.0 141.83333333333334
0.00555 20.0 125.16
0.01111 20.0 135.17647058823528
0.02222 20.0 140.96774193548387
0.03888 20.0 127.10344827586206
0.05555 20.0 86.14285714285715
0.1111 20.0 101.48387096774194
0.1666 20.0 138.4090909090909
0.2222 20.0 124.35714285714286
0.2777 20.0 131.85185185185185
0.3333 20.0 126.6896551724138
0.00555 40.0 65.88461538461539
0.01111 40.0 80.96875
0.02222 40.0 107.8888888888889
0.03888 40.0 43.44444444444444
0.05555 40.0 108.10714285714286
0.1111 40.0 100.0
0.1666 40.0 101.44827586206897
0.2222 40.0 72.91666666666667
0.2777 40.0 175.67741935483872
0.3333 40.0 109.73684210526316
0.00555 80.0 43.333333333333336
0.01111 80.0 75.47826086956522
0.02222 80.0 136.75
0.03888 80.0 48.80769230769231
0.05555 80.0 116.19047619047619
0.1111 80.0 133.52380952380952
0.1666 80.0 72.3913043478261
0.2222 80.0 92.95833333333334
0.2777 80.0 96.25925925925925
0.3333 80.0 66.5909090909091
0.00555 120.0 30.227272727272727
0.01111 120.0 68.58823529411764
0.02222 120.0 65.94285714285714
0.03888 120.0 136.17391304347825
0.05555 120.0 121.875
0.1111 120.0 114.03846153846153
0.1666 120.0 71.36842105263158
0.2222 120.0 106.26666666666667
0.2777 120.0 64.06666666666666
0.3333 120.0 89.57692307692308
0.00555 140.0 27.333333333333336
0.01111 140.0 52.05263157894737
0.02222 140.0 129.71428571428572
0.03888 140.0 102.75757575757575
0.05555 140.0 98.42105263157895
0.1111 140.0 108.61538461538461
0.1666 140.0 111.28
0.2222 140.0 104.0
0.2777 140.0 165.0
0.3333 140.0 123.28947368421053
0.00555 160.0 20.2
0.01111 160.0 39.83333333333333
0.02222 160.0 82.20833333333333
0.03888 160.0 71.52
0.05555 160.0 115.05
0.1111 160.0 69.29166666666667
0.1666 160.0 192.96296296296296
0.2222 160.0 127.10714285714286
0.2777 160.0 111.74074074074073
0.3333 160.0 76.88000000000001
0.00555 180.0 25.3
0.01111 180.0 34.73913043478261
0.02222 180.0 77.0
0.03888 180.0 69.92
0.05555 180.0 113.41379310344827
0.1111 180.0 123.37931034482759
0.1666 180.0 91.76666666666667
0.2222 180.0 115.29032258064515
0.2777 180.0 109.03999999999999
0.3333 180.0 91.8076923076923
0.00555 210.0 15.529411764705882
0.01111 210.0 45.400000000000006
0.02222 210.0 69.03333333333333
0.03888 210.0 94.40740740740742
0.05555 210.0 68.56521739130434
0.1111 210.0 166.82608695652175
0.1666 210.0 125.04166666666666
0.2222 210.0 131.03571428571428
0.2777 210.0 92.34782608695652
0.3333 210.0 121.16666666666667
