0.00 0.00 0.00 0.00 0.00 0.00 0.00 0.00 0.00 0.00 0.00 0.00 0.00 0.00 10.69 -10.69 15.12 -15.12 15.63 -15.63 20.09 -20.09 22.10 -22.10 23.94 -23.94 27.07 -27.07 28.41 -28.41 29.37 -29.37 30.78 -30.78 31.25 -31.25 33.86 -33.86 38.28 -38.28 41.53 -41.53 43.53 -43.53 44.20 -44.20 5.43 -5.43 7.68 -7.68
-111.25 -111.25 -111.25 -111.25 -111.25 -111.92 -113.92 -117.17 -121.59 -127.04 -133.35 -140.33 -147.77 -155.45 -113.92 -113.92 -113.92 -113.92 -117.17 -117.17 -121.59 -121.59 -117.17 -117.17 -127.04 -127.04 -133.35 -133.35 -121.59 -121.59 -140.33 -140.33 -147.77 -147.77 -155.45 -155.45 -127.04 -127.04 -133.35 -133.35 -140.33 -140.33 -147.77 -147.77 -155.45 -155.45 -111.92 -111.92 -111.92 -111.92
0.00 0.00 0.00 0.00 0.00 7.68 15.12 22.10 28.41 33.86 38.28 41.53 43.53 44.20 10.69 10.69 0.00 0.00 15.63 15.63 20.09 20.09 0.00 0.00 23.94 23.94 27.07 27.07 0.00 0.00 29.37 29.37 30.78 30.78 31.25 31.25 0.00 0.00 0.00 0.00 0.00 0.00 0.00 0.00 0.00 0.00 5.43 5.43 0.00 0.00
10.00 10.00 10.00 10.00 10.00 10.00 10.00 10.00 10.00 10.00 10.00 10.00 10.00 10.00 10.00 10.00 10.00 10.00 10.00 10.00 10.00 10.00 10.00 10.00 10.00 10.00 10.00 10.00 10.00 10.00 10.00 10.00 10.00 10.00 10.00 10.00 10.00 10.00 10.00 10.00 10.00 10.00 10.00 10.00 10.00 10.00 10.00 10.00 10.00 10.00
0.00 0.00 0.00 0.00 0.00 0.17 0.35 0.52 0.70 0.87 1.05 1.22 1.40 1.57 0.35 0.35 0.35 0.35 0.52 0.52 0.70 0.70 0.52 0.52 0.87 0.87 1.05 1.05 0.70 0.70 1.22 1.22 1.40 1.40 1.57 1.57 0.87 0.87 1.05 1.05 1.22 1.22 1.40 1.40 1.57 1.57 0.17 0.17 0.17 0.17
0.00 0.79 1.57 2.36 3.14 1.57 1.57 1.57 1.57 1.57 1.57 1.57 1.57 1.57 0.79 2.36 0.00 3.14 0.79 2.36 0.79 2.36 0.00 3.14 0.79 2.36 0.79 2.36 0.00 3.14 0.79 2.36 0.79 2.36 0.79 2.36 0.00 3.14 0.00 3.14 0.00 3.14 0.00 3.14 0.00 3.14 0.79 2.36 0.00 3.14
0.86 0.86 0.86 0.86 0.86 0.84 0.84 0.83 0.80 0.78 0.72 0.70 0.65 0.59 0.85 0.85 0.84 0.84 0.83 0.85 0.80 0.82 0.83 0.85 0.78 0.81 0.76 0.74 0.84 0.81 0.68 0.70 0.64 0.66 0.63 0.65 0.79 0.79 0.74 0.73 0.64 0.68 0.62 0.67 0.59 0.61 0.87 0.85 0.85 0.86
0.90 0.90 0.90 0.90 0.90 0.89 0.88 0.88 0.85 0.84 0.78 0.74 0.64 0.62 0.88 0.90 0.88 0.88 0.87 0.89 0.86 0.87 0.88 0.89 0.83 0.85 0.80 0.80 0.88 0.85 0.73 0.76 0.65 0.67 0.59 0.62 0.84 0.83 0.80 0.80 0.71 0.72 0.63 0.68 0.58 0.59 0.91 0.89 0.88 0.90
0.46 0.46 0.46 0.46 0.46 0.47 0.42 0.39 0.24 0.19 0.13 0.09 0.05 0.03 0.44 0.49 0.46 0.47 0.38 0.40 0.30 0.31 0.39 0.32 0.19 0.27 0.08 0.11 0.32 0.27 0.12 0.11 0.03 0.06 0.01 0.04 0.20 0.26 0.13 0.19 0.07 0.09 0.07 0.04 0.04 0.04 0.44 0.46 0.50 0.48
0.00 0.00 0.00 0.00 0.00 0.00 0.00 0.00 0.00 0.00 0.00 0.00 0.00 0.00 0.00 0.00 0.00 0.00 0.00 0.00 0.00 0.00 0.00 0.00 0.00 0.00 0.00 0.00 0.00 0.00 0.00 0.00 0.00 0.00 0.00 0.00 0.00 0.00 0.00 0.00 0.00 0.00 0.00 0.00 0.00 0.00 0.00 0.00 0.00 0.00
1373209.00 1373209.00 1373209.00 1373209.00 1373209.00 1331622.00 1248892.00 1174752.00 959056.00 782335.00 573408.00 492761.00 416348.00 329934.00 1261943.00 1316017.00 1278253.00 1249388.00 1133620.00 1150012.00 946764.00 972695.00 1083772.00 1140478.00 787162.00 847080.00 584370.00 601078.00 1065503.00 931951.00 474937.00 464095.00 402677.00 436339.00 365760.00 390705.00 746490.00 734533.00 578406.00 579721.00 444240.00 488247.00 403436.00 402645.00 337052.00 346620.00 1358184.00 1392641.00 1341472.00 1378286.00
64282264.00 64282264.00 64282264.00 64282264.00 64282264.00 64248704.00 60205562.00 53623456.00 29805809.00 18765158.00 7442335.00 3492741.00 2267505.00 1180956.00 59576695.00 65268147.00 65291313.00 62126376.00 42946267.00 48078184.00 30104551.00 36601840.00 45065970.00 41467129.00 19029205.00 24202838.00 6786238.00 7971794.00 42488947.00 33454356.00 4799434.00 4593347.00 1976177.00 2351254.00 1153264.00 1345864.00 19285749.00 21695927.00 7085542.00 9113654.00 4194674.00 4484427.00 2461680.00 1998950.00 1252323.00 1529231.00 59895197.00 62370115.00 63707282.00 63451786.00
9201.52 9201.52 9201.52 9201.52 9201.52 9551.66 9275.51 8815.84 3968.75 2697.69 929.20 540.27 215.76 74.23 9105.27 9773.15 9670.13 10733.87 6374.32 7590.42 4873.47 5261.17 7405.57 6318.20 2669.72 3772.78 734.27 1080.77 6559.07 5227.34 876.03 673.48 121.15 271.21 38.50 113.00 2689.15 3557.16 904.53 1417.26 380.48 510.24 277.67 155.48 130.72 140.57 8634.98 9175.35 10050.41 10072.52
55.99 55.99 55.99 55.99 55.99 54.44 51.34 47.30 28.62 20.36 11.41 7.32 5.58 2.87 50.38 54.16 56.24 53.55 39.46 42.23 28.86 34.17 42.06 37.01 19.88 25.77 9.88 11.51 38.32 30.80 7.40 7.60 4.21 5.06 2.96 3.71 21.13 22.24 11.06 13.78 7.84 7.66 5.56 4.23 4.12 3.87 51.04 53.79 53.16 53.13
