0.00 0.00 0.00 0.00 0.00 0.00 0.00 0.00 0.00 0.00 0.00 0.00 0.00 0.00 11.49 12.39 12.99 13.41 13.86 14.10 14.77 15.00 17.82 18.11 19.60 21.23 23.28 24.00 25.20 26.05 2.60 27.30 27.72 27.74 30.03 31.36 33.95 34.03 35.67 36.22 36.84 38.60 39.20 4.81 5.13 6.29 6.81 7.50 9.48 9.64
-116.25 -116.25 -116.25 -116.25 -116.25 -116.85 -118.61 -121.50 -125.42 -130.25 -135.85 -142.04 -148.64 -155.45 -130.25 -118.61 -135.85 -118.61 -121.50 -142.04 -148.64 -155.45 -125.42 -121.50 -121.50 -130.25 -125.42 -135.85 -125.42 -142.04 -116.85 -148.64 -155.45 -130.25 -130.25 -135.85 -135.85 -142.04 -148.64 -155.45 -142.04 -148.64 -155.45 -116.85 -118.61 -116.85 -116.85 -121.50 -118.61 -125.42
0.00 0.00 0.00 0.00 0.00 6.81 13.41 19.60 25.20 30.03 33.95 36.84 38.60 39.20 27.74 5.13 31.36 0.00 13.86 34.03 35.67 36.22 17.82 7.50 0.00 21.23 9.64 24.00 0.00 26.05 6.29 27.30 27.72 11.49 0.00 12.99 0.00 14.10 14.77 15.00 0.00 0.00 0.00 4.81 12.39 2.60 0.00 18.11 9.48 23.28
5.00 5.00 5.00 5.00 5.00 5.00 5.00 5.00 5.00 5.00 5.00 5.00 5.00 5.00 5.00 5.00 5.00 5.00 5.00 5.00 5.00 5.00 5.00 5.00 5.00 5.00 5.00 5.00 5.00 5.00 5.00 5.00 5.00 5.00 5.00 5.00 5.00 5.00 5.00 5.00 5.00 5.00 5.00 5.00 5.00 5.00 5.00 5.00 5.00 5.00
0.00 0.00 0.00 0.00 0.00 0.17 0.35 0.52 0.70 0.87 1.05 1.22 1.40 1.57 0.87 0.35 1.05 0.35 0.52 1.22 1.40 1.57 0.70 0.52 0.52 0.87 0.70 1.05 0.70 1.22 0.17 1.40 1.57 0.87 0.87 1.05 1.05 1.22 1.40 1.57 1.22 1.40 1.57 0.17 0.35 0.17 0.17 0.52 0.35 0.70
0.00 0.39 0.79 1.18 1.57 1.57 1.57 1.57 1.57 1.57 1.57 1.57 1.57 1.57 1.18 0.39 1.18 0.00 0.79 1.18 1.18 1.18 0.79 0.39 0.00 0.79 0.39 0.79 0.00 0.79 1.18 0.79 0.79 0.39 0.00 0.39 0.00 0.39 0.39 0.39 0.00 0.00 0.00 0.79 1.18 0.39 0.00 1.18 0.79 1.18
0.84 0.84 0.84 0.84 0.84 0.84 0.84 0.81 0.80 0.77 0.69 0.69 0.67 0.61 0.75 0.83 0.73 0.84 0.83 0.66 0.67 0.65 0.80 0.83 0.83 0.76 0.82 0.70 0.81 0.71 0.85 0.66 0.60 0.78 0.78 0.73 0.71 0.69 0.63 0.65 0.71 0.66 0.58 0.81 0.85 0.85 0.85 0.82 0.85 0.80
0.87 0.87 0.87 0.87 0.87 0.89 0.89 0.86 0.84 0.84 0.77 0.72 0.65 0.60 0.82 0.88 0.79 0.89 0.87 0.71 0.66 0.57 0.85 0.87 0.86 0.81 0.86 0.78 0.85 0.70 0.89 0.66 0.60 0.85 0.84 0.79 0.78 0.73 0.64 0.62 0.71 0.66 0.59 0.87 0.90 0.89 0.88 0.86 0.88 0.85
0.43 0.43 0.43 0.43 0.43 0.51 0.48 0.39 0.24 0.22 0.12 0.10 0.04 0.03 0.20 0.48 0.11 0.43 0.44 0.07 0.06 0.03 0.32 0.48 0.38 0.24 0.30 0.18 0.26 0.06 0.47 0.04 0.01 0.32 0.23 0.20 0.18 0.07 0.06 0.06 0.06 0.05 0.06 0.45 0.48 0.43 0.46 0.45 0.50 0.41
0.00 0.00 0.00 0.00 0.00 0.00 0.00 0.00 0.00 0.00 0.00 0.00 0.00 0.00 0.00 0.00 0.00 0.00 0.00 0.00 0.00 0.00 0.00 0.00 0.00 0.00 0.00 0.00 0.00 0.00 0.00 0.00 0.00 0.00 0.00 0.00 0.00 0.00 0.00 0.00 0.00 0.00 0.00 0.00 0.00 0.00 0.00 0.00 0.00 0.00
1097882.00 1097882.00 1097882.00 1097882.00 1097882.00 1081575.00 1059442.00 951643.00 827087.00 636832.00 516079.00 502329.00 411763.00 329940.00 605971.00 1061212.00 546168.00 1003856.00 944732.00 431293.00 389130.00 357994.00 808527.00 978778.00 920569.00 687029.00 825979.00 530399.00 842512.00 484197.00 1180600.00 413748.00 359774.00 677666.00 679681.00 544322.00 522410.00 467356.00 425979.00 366901.00 484337.00 420357.00 323663.00 1157830.00 1054790.00 1180974.00 1155385.00 951969.00 1093603.00 799831.00
49365475.00 49365475.00 49365475.00 49365475.00 49365475.00 58044878.00 51119245.00 40125319.00 25815759.00 13727065.00 5605732.00 4229489.00 1752155.00 1085769.00 12138210.00 50291766.00 6398877.00 45172294.00 42347832.00 3058220.00 1868089.00 1252300.00 26054318.00 49700063.00 34620322.00 13983014.00 27440866.00 7748544.00 27049339.00 3336882.00 56253091.00 2223822.00 1061892.00 20331871.00 17667852.00 8936649.00 6961683.00 2953366.00 2219577.00 1634239.00 3396176.00 2305764.00 1455299.00 53957936.00 47761061.00 53445169.00 50374660.00 45657892.00 49454797.00 38358121.00
7710.46 7710.46 7710.46 7710.46 7710.46 10657.20 8510.53 7719.66 3543.99 2493.62 744.12 538.16 143.96 98.51 2230.64 8825.35 810.83 7722.49 8528.73 358.42 254.04 86.00 4150.20 9382.62 6318.62 2562.08 4763.90 1346.09 4549.51 330.12 9394.67 187.10 36.69 4342.18 3055.47 1568.12 1145.69 380.03 222.59 181.50 276.86 218.19 154.55 8527.53 8644.12 7879.21 8037.20 9022.85 9475.10 7396.95
43.32 43.32 43.32 43.32 43.32 51.26 45.94 38.50 26.22 16.20 9.14 8.98 3.92 2.93 16.52 46.01 10.68 41.89 39.10 5.81 3.83 3.88 26.50 46.20 32.48 18.20 27.11 11.74 26.41 6.66 51.28 5.14 2.71 22.97 21.94 14.00 10.61 5.61 5.00 5.29 6.24 6.04 3.55 47.66 43.65 46.42 43.92 42.27 44.22 36.60
