0.00 -102.72 52.21 0.78 1.57 40.00 229 1000 1.0e+11 8.325e-03
0.00 -106.41 55.69 0.85 1.57 40.00 0 1000 1.0e+11 8.325e-03
0.00 -110.67 59.17 0.92 1.57 40.00 0 1000 1.0e+11 8.325e-03
0.00 -115.69 62.65 1.01 1.57 40.00 11 1000 1.0e+11 8.325e-03
0.00 -121.79 66.13 1.10 1.57 40.00 4 1000 1.0e+11 8.325e-03
0.00 -81.25 0.00 0.00 0.00 40.00 238 1000 1.0e+11 8.325e-03
0.00 -81.33 3.48 0.05 1.57 40.00 245 1000 1.0e+11 8.325e-03
0.00 -81.58 6.96 0.09 1.57 40.00 248 1000 1.0e+11 8.325e-03
0.00 -81.99 10.44 0.14 1.57 40.00 188 1000 1.0e+11 8.325e-03
0.00 -82.57 13.92 0.19 1.57 40.00 4 1000 1.0e+11 8.325e-03
0.00 -83.32 17.40 0.24 1.57 40.00 4 1000 1.0e+11 8.325e-03
0.00 -84.25 20.88 0.29 1.57 40.00 2 1000 1.0e+11 8.325e-03
0.00 -85.36 24.36 0.33 1.57 40.00 7 1000 1.0e+11 8.325e-03
0.00 -86.67 27.84 0.38 1.57 40.00 9 1000 1.0e+11 8.325e-03
0.00 -88.19 31.32 0.44 1.57 40.00 6 1000 1.0e+11 8.325e-03
0.00 -89.92 34.80 0.49 1.57 40.00 4 1000 1.0e+11 8.325e-03
0.00 -91.89 38.28 0.54 1.57 40.00 251 1000 1.0e+11 8.325e-03
0.00 -94.12 41.76 0.60 1.57 40.00 267 1000 1.0e+11 8.325e-03
0.00 -96.64 45.25 0.66 1.57 40.00 258 1000 1.0e+11 8.325e-03
0.00 -99.49 48.73 0.72 1.57 40.00 243 1000 1.0e+11 8.325e-03
0.29 -81.33 3.47 0.05 1.49 40.00 246 1000 1.0e+11 8.325e-03
0.57 -81.33 3.43 0.05 1.41 40.00 255 1000 1.0e+11 8.325e-03
0.57 -81.58 6.94 0.09 1.49 40.00 268 1000 1.0e+11 8.325e-03
0.85 -81.33 3.37 0.05 1.32 40.00 257 1000 1.0e+11 8.325e-03
0.86 -81.99 10.41 0.14 1.49 40.00 16 1000 1.0e+11 8.325e-03
10.12 -81.99 2.56 0.14 0.25 40.00 220 1000 1.0e+11 8.325e-03
10.17 -88.19 29.63 0.44 1.24 40.00 235 1000 1.0e+11 8.325e-03
10.24 -82.57 9.43 0.19 0.74 40.00 5 1000 1.0e+11 8.325e-03
10.25 -94.12 40.49 0.60 1.32 40.00 6 1000 1.0e+11 8.325e-03
10.30 -81.99 1.72 0.14 0.17 40.00 203 1000 1.0e+11 8.325e-03
10.31 -115.69 61.79 1.01 1.41 40.00 0 1000 1.0e+11 8.325e-03
10.41 -81.99 0.86 0.14 0.08 40.00 9 1000 1.0e+11 8.325e-03
10.44 -81.99 0.00 0.14 0.00 40.00 200 1000 1.0e+11 8.325e-03
10.69 -83.32 13.73 0.24 0.91 40.00 232 1000 1.0e+11 8.325e-03
10.88 -121.79 65.23 1.10 1.41 40.00 1 1000 1.0e+11 8.325e-03
10.99 -82.57 8.55 0.19 0.66 40.00 4 1000 1.0e+11 8.325e-03
11.11 -96.64 43.86 0.66 1.32 40.00 1 1000 1.0e+11 8.325e-03
11.18 -86.67 25.50 0.38 1.16 40.00 249 1000 1.0e+11 8.325e-03
11.30 -89.92 32.92 0.49 1.24 40.00 8 1000 1.0e+11 8.325e-03
1.13 -81.33 3.29 0.05 1.24 40.00 247 1000 1.0e+11 8.325e-03
11.42 -84.25 17.48 0.29 0.99 40.00 242 1000 1.0e+11 8.325e-03
1.15 -81.58 6.87 0.09 1.41 40.00 256 1000 1.0e+11 8.325e-03
1.15 -82.57 13.87 0.19 1.49 40.00 5 1000 1.0e+11 8.325e-03
11.60 -85.36 21.43 0.33 1.07 40.00 262 1000 1.0e+11 8.325e-03
11.65 -82.57 7.61 0.19 0.58 40.00 3 1000 1.0e+11 8.325e-03
11.79 -83.32 12.80 0.24 0.83 40.00 242 1000 1.0e+11 8.325e-03
11.96 -99.49 47.23 0.72 1.32 40.00 1 1000 1.0e+11 8.325e-03
12.24 -82.57 6.63 0.19 0.50 40.00 5 1000 1.0e+11 8.325e-03
12.43 -91.89 36.21 0.54 1.24 40.00 17 1000 1.0e+11 8.325e-03
12.58 -88.19 28.69 0.44 1.16 40.00 210 1000 1.0e+11 8.325e-03
12.75 -82.57 5.59 0.19 0.41 40.00 6 1000 1.0e+11 8.325e-03
12.80 -83.32 11.79 0.24 0.74 40.00 202 1000 1.0e+11 8.325e-03
12.82 -102.72 50.61 0.78 1.32 40.00 1 1000 1.0e+11 8.325e-03
12.83 -84.25 16.48 0.29 0.91 40.00 251 1000 1.0e+11 8.325e-03
13.17 -82.57 4.52 0.19 0.33 40.00 5 1000 1.0e+11 8.325e-03
13.25 -86.67 24.49 0.38 1.07 40.00 239 1000 1.0e+11 8.325e-03
13.33 -85.36 20.40 0.33 0.99 40.00 239 1000 1.0e+11 8.325e-03
13.50 -82.57 3.42 0.19 0.25 40.00 9 1000 1.0e+11 8.325e-03
13.56 -94.12 39.50 0.60 1.24 40.00 204 1000 1.0e+11 8.325e-03
13.67 -106.41 53.98 0.85 1.32 40.00 3 1000 1.0e+11 8.325e-03
13.73 -82.57 2.29 0.19 0.17 40.00 221 1000 1.0e+11 8.325e-03
13.73 -83.32 10.69 0.24 0.66 40.00 198 1000 1.0e+11 8.325e-03
13.87 -82.57 1.15 0.19 0.08 40.00 211 1000 1.0e+11 8.325e-03
13.92 -82.57 0.00 0.19 0.00 40.00 225 1000 1.0e+11 8.325e-03
13.98 -89.92 31.87 0.49 1.16 40.00 4 1000 1.0e+11 8.325e-03
1.40 -81.33 3.19 0.05 1.16 40.00 255 1000 1.0e+11 8.325e-03
14.14 -84.25 15.36 0.29 0.83 40.00 260 1000 1.0e+11 8.325e-03
1.44 -83.32 17.34 0.24 1.49 40.00 9 1000 1.0e+11 8.325e-03
14.52 -110.67 57.36 0.92 1.32 40.00 1 1000 1.0e+11 8.325e-03
14.57 -83.32 9.52 0.24 0.58 40.00 8 1000 1.0e+11 8.325e-03
14.69 -96.64 42.79 0.66 1.24 40.00 210 1000 1.0e+11 8.325e-03
14.91 -88.19 27.55 0.44 1.07 40.00 246 1000 1.0e+11 8.325e-03
14.96 -85.36 19.23 0.33 0.91 40.00 240 1000 1.0e+11 8.325e-03
15.23 -86.67 23.31 0.38 0.99 40.00 224 1000 1.0e+11 8.325e-03
15.30 -83.32 8.28 0.24 0.50 40.00 3 1000 1.0e+11 8.325e-03
15.36 -84.25 14.14 0.29 0.74 40.00 232 1000 1.0e+11 8.325e-03
15.38 -115.69 60.73 1.01 1.32 40.00 1 1000 1.0e+11 8.325e-03
15.38 -91.89 35.06 0.54 1.16 40.00 233 1000 1.0e+11 8.325e-03
15.82 -99.49 46.09 0.72 1.24 40.00 209 1000 1.0e+11 8.325e-03
15.94 -83.32 6.99 0.24 0.41 40.00 188 1000 1.0e+11 8.325e-03
16.23 -121.79 64.10 1.10 1.32 40.00 1 1000 1.0e+11 8.325e-03
16.46 -83.32 5.65 0.24 0.33 40.00 201 1000 1.0e+11 8.325e-03
16.48 -84.25 12.83 0.29 0.66 40.00 214 1000 1.0e+11 8.325e-03
16.50 -85.36 17.92 0.33 0.83 40.00 240 1000 1.0e+11 8.325e-03
16.56 -89.92 30.61 0.49 1.07 40.00 5 1000 1.0e+11 8.325e-03
1.66 -81.33 3.06 0.05 1.07 40.00 225 1000 1.0e+11 8.325e-03
16.78 -94.12 38.25 0.60 1.16 40.00 235 1000 1.0e+11 8.325e-03
16.87 -83.32 4.27 0.24 0.25 40.00 247 1000 1.0e+11 8.325e-03
16.95 -102.72 49.38 0.78 1.24 40.00 2 1000 1.0e+11 8.325e-03
17.10 -86.67 21.97 0.38 0.91 40.00 253 1000 1.0e+11 8.325e-03
17.13 -88.19 26.22 0.44 0.99 40.00 238 1000 1.0e+11 8.325e-03
17.16 -83.32 2.86 0.24 0.17 40.00 241 1000 1.0e+11 8.325e-03
1.71 -81.58 6.75 0.09 1.32 40.00 245 1000 1.0e+11 8.325e-03
1.72 -81.99 10.30 0.14 1.41 40.00 211 1000 1.0e+11 8.325e-03
1.72 -84.25 20.81 0.29 1.49 40.00 189 1000 1.0e+11 8.325e-03
17.34 -83.32 1.44 0.24 0.08 40.00 245 1000 1.0e+11 8.325e-03
17.40 -83.32 0.00 0.24 0.00 40.00 250 1000 1.0e+11 8.325e-03
17.48 -84.25 11.42 0.29 0.58 40.00 12 1000 1.0e+11 8.325e-03
17.92 -85.36 16.50 0.33 0.74 40.00 236 1000 1.0e+11 8.325e-03
18.08 -106.41 52.67 0.85 1.24 40.00 2 1000 1.0e+11 8.325e-03
18.17 -96.64 41.43 0.66 1.16 40.00 233 1000 1.0e+11 8.325e-03
18.22 -91.89 33.67 0.54 1.07 40.00 227 1000 1.0e+11 8.325e-03
18.37 -84.25 9.94 0.29 0.50 40.00 9 1000 1.0e+11 8.325e-03
18.86 -86.67 20.48 0.38 0.83 40.00 240 1000 1.0e+11 8.325e-03
19.04 -89.92 29.14 0.49 0.99 40.00 3 1000 1.0e+11 8.325e-03
1.90 -81.33 2.91 0.05 0.99 40.00 230 1000 1.0e+11 8.325e-03
19.12 -84.25 8.39 0.29 0.41 40.00 186 1000 1.0e+11 8.325e-03
19.21 -110.67 55.96 0.92 1.24 40.00 1 1000 1.0e+11 8.325e-03
19.23 -85.36 14.96 0.33 0.66 40.00 209 1000 1.0e+11 8.325e-03
19.24 -88.19 24.72 0.44 0.91 40.00 220 1000 1.0e+11 8.325e-03
19.57 -99.49 44.62 0.72 1.16 40.00 221 1000 1.0e+11 8.325e-03
19.75 -84.25 6.78 0.29 0.33 40.00 243 1000 1.0e+11 8.325e-03
19.88 -94.12 36.73 0.60 1.07 40.00 226 1000 1.0e+11 8.325e-03
2.01 -85.36 24.28 0.33 1.49 40.00 194 1000 1.0e+11 8.325e-03
20.24 -84.25 5.13 0.29 0.25 40.00 249 1000 1.0e+11 8.325e-03
20.34 -115.69 59.25 1.01 1.24 40.00 2 1000 1.0e+11 8.325e-03
20.40 -85.36 13.33 0.33 0.58 40.00 4 1000 1.0e+11 8.325e-03
20.48 -86.67 18.86 0.38 0.74 40.00 200 1000 1.0e+11 8.325e-03
20.60 -84.25 3.44 0.29 0.17 40.00 252 1000 1.0e+11 8.325e-03
20.81 -84.25 1.72 0.29 0.08 40.00 255 1000 1.0e+11 8.325e-03
20.88 -84.25 0.00 0.29 0.00 40.00 251 1000 1.0e+11 8.325e-03
20.94 -91.89 32.05 0.54 0.99 40.00 233 1000 1.0e+11 8.325e-03
20.97 -102.72 47.81 0.78 1.16 40.00 3 1000 1.0e+11 8.325e-03
21.21 -88.19 23.05 0.44 0.83 40.00 219 1000 1.0e+11 8.325e-03
21.38 -89.92 27.47 0.49 0.91 40.00 4 1000 1.0e+11 8.325e-03
21.43 -85.36 11.60 0.33 0.50 40.00 4 1000 1.0e+11 8.325e-03
21.47 -121.79 62.54 1.10 1.24 40.00 4 1000 1.0e+11 8.325e-03
2.14 -81.33 2.75 0.05 0.91 40.00 244 1000 1.0e+11 8.325e-03
21.53 -96.64 39.79 0.66 1.07 40.00 246 1000 1.0e+11 8.325e-03
21.97 -86.67 17.10 0.38 0.66 40.00 4 1000 1.0e+11 8.325e-03
22.31 -85.36 9.79 0.33 0.41 40.00 210 1000 1.0e+11 8.325e-03
22.37 -106.41 51.00 0.85 1.16 40.00 2 1000 1.0e+11 8.325e-03
2.26 -81.58 6.58 0.09 1.24 40.00 238 1000 1.0e+11 8.325e-03
22.84 -94.12 34.96 0.60 0.99 40.00 230 1000 1.0e+11 8.325e-03
2.29 -82.57 13.73 0.19 1.41 40.00 5 1000 1.0e+11 8.325e-03
23.04 -85.36 7.91 0.33 0.33 40.00 225 1000 1.0e+11 8.325e-03
23.05 -88.19 21.21 0.44 0.74 40.00 5 1000 1.0e+11 8.325e-03
2.30 -86.67 27.75 0.38 1.49 40.00 4 1000 1.0e+11 8.325e-03
23.19 -99.49 42.85 0.72 1.07 40.00 255 1000 1.0e+11 8.325e-03
23.31 -86.67 15.23 0.38 0.58 40.00 7 1000 1.0e+11 8.325e-03
23.51 -91.89 30.21 0.54 0.91 40.00 216 1000 1.0e+11 8.325e-03
23.57 -89.92 25.61 0.49 0.83 40.00 3 1000 1.0e+11 8.325e-03
23.62 -85.36 5.98 0.33 0.25 40.00 229 1000 1.0e+11 8.325e-03
2.36 -81.33 2.56 0.05 0.83 40.00 221 1000 1.0e+11 8.325e-03
23.77 -110.67 54.18 0.92 1.16 40.00 0 1000 1.0e+11 8.325e-03
24.03 -85.36 4.01 0.33 0.17 40.00 260 1000 1.0e+11 8.325e-03
24.28 -85.36 2.01 0.33 0.08 40.00 248 1000 1.0e+11 8.325e-03
24.36 -85.36 0.00 0.33 0.00 40.00 271 1000 1.0e+11 8.325e-03
24.49 -86.67 13.25 0.38 0.50 40.00 4 1000 1.0e+11 8.325e-03
24.72 -88.19 19.24 0.44 0.66 40.00 2 1000 1.0e+11 8.325e-03
24.75 -96.64 37.88 0.66 0.99 40.00 225 1000 1.0e+11 8.325e-03
24.85 -102.72 45.91 0.78 1.07 40.00 7 1000 1.0e+11 8.325e-03
25.17 -115.69 57.37 1.01 1.16 40.00 0 1000 1.0e+11 8.325e-03
25.50 -86.67 11.18 0.38 0.41 40.00 10 1000 1.0e+11 8.325e-03
25.61 -89.92 23.57 0.49 0.74 40.00 4 1000 1.0e+11 8.325e-03
25.65 -94.12 32.96 0.60 0.91 40.00 243 1000 1.0e+11 8.325e-03
2.56 -81.33 2.36 0.05 0.74 40.00 255 1000 1.0e+11 8.325e-03
2.56 -81.99 10.12 0.14 1.32 40.00 225 1000 1.0e+11 8.325e-03
25.93 -91.89 28.17 0.54 0.83 40.00 3 1000 1.0e+11 8.325e-03
2.59 -88.19 31.22 0.44 1.49 40.00 2 1000 1.0e+11 8.325e-03
26.22 -88.19 17.13 0.44 0.58 40.00 5 1000 1.0e+11 8.325e-03
26.33 -86.67 9.04 0.38 0.33 40.00 213 1000 1.0e+11 8.325e-03
26.50 -106.41 48.97 0.85 1.07 40.00 0 1000 1.0e+11 8.325e-03
26.56 -121.79 60.56 1.10 1.16 40.00 0 1000 1.0e+11 8.325e-03
26.65 -99.49 40.79 0.72 0.99 40.00 256 1000 1.0e+11 8.325e-03
26.99 -86.67 6.84 0.38 0.25 40.00 248 1000 1.0e+11 8.325e-03
27.46 -86.67 4.58 0.38 0.17 40.00 248 1000 1.0e+11 8.325e-03
27.47 -89.92 21.38 0.49 0.66 40.00 2 1000 1.0e+11 8.325e-03
27.55 -88.19 14.91 0.44 0.50 40.00 1 1000 1.0e+11 8.325e-03
2.75 -81.33 2.14 0.05 0.66 40.00 260 1000 1.0e+11 8.325e-03
27.75 -86.67 2.30 0.38 0.08 40.00 253 1000 1.0e+11 8.325e-03
27.79 -96.64 35.70 0.66 0.91 40.00 241 1000 1.0e+11 8.325e-03
27.84 -86.67 0.00 0.38 0.00 40.00 236 1000 1.0e+11 8.325e-03
2.80 -81.58 6.37 0.09 1.16 40.00 226 1000 1.0e+11 8.325e-03
28.16 -110.67 52.04 0.92 1.07 40.00 3 1000 1.0e+11 8.325e-03
28.17 -91.89 25.93 0.54 0.74 40.00 5 1000 1.0e+11 8.325e-03
28.29 -94.12 30.73 0.60 0.83 40.00 211 1000 1.0e+11 8.325e-03
28.55 -102.72 43.71 0.78 0.99 40.00 2 1000 1.0e+11 8.325e-03
28.69 -88.19 12.58 0.44 0.41 40.00 11 1000 1.0e+11 8.325e-03
2.86 -83.32 17.16 0.24 1.41 40.00 203 1000 1.0e+11 8.325e-03
2.87 -89.92 34.69 0.49 1.49 40.00 4 1000 1.0e+11 8.325e-03
29.14 -89.92 19.04 0.49 0.58 40.00 2 1000 1.0e+11 8.325e-03
2.91 -81.33 1.90 0.05 0.58 40.00 237 1000 1.0e+11 8.325e-03
29.63 -88.19 10.17 0.44 0.33 40.00 5 1000 1.0e+11 8.325e-03
29.82 -115.69 55.10 1.01 1.07 40.00 0 1000 1.0e+11 8.325e-03
29.93 -99.49 38.45 0.72 0.91 40.00 224 1000 1.0e+11 8.325e-03
30.21 -91.89 23.51 0.54 0.66 40.00 182 1000 1.0e+11 8.325e-03
30.37 -88.19 7.69 0.44 0.25 40.00 235 1000 1.0e+11 8.325e-03
30.46 -106.41 46.62 0.85 0.99 40.00 2 1000 1.0e+11 8.325e-03
30.61 -89.92 16.56 0.49 0.50 40.00 6 1000 1.0e+11 8.325e-03
30.64 -96.64 33.29 0.66 0.83 40.00 210 1000 1.0e+11 8.325e-03
3.06 -81.33 1.66 0.05 0.50 40.00 259 1000 1.0e+11 8.325e-03
30.73 -94.12 28.29 0.60 0.74 40.00 199 1000 1.0e+11 8.325e-03
30.90 -88.19 5.16 0.44 0.17 40.00 215 1000 1.0e+11 8.325e-03
31.22 -88.19 2.59 0.44 0.08 40.00 232 1000 1.0e+11 8.325e-03
31.32 -88.19 0.00 0.44 0.00 40.00 264 1000 1.0e+11 8.325e-03
31.47 -121.79 58.16 1.10 1.07 40.00 0 1000 1.0e+11 8.325e-03
3.16 -91.89 38.15 0.54 1.49 40.00 236 1000 1.0e+11 8.325e-03
31.87 -89.92 13.98 0.49 0.41 40.00 4 1000 1.0e+11 8.325e-03
3.19 -81.33 1.40 0.05 0.41 40.00 260 1000 1.0e+11 8.325e-03
32.05 -91.89 20.94 0.54 0.58 40.00 250 1000 1.0e+11 8.325e-03
32.07 -102.72 41.20 0.78 0.91 40.00 6 1000 1.0e+11 8.325e-03
32.36 -110.67 49.53 0.92 0.99 40.00 0 1000 1.0e+11 8.325e-03
32.92 -89.92 11.30 0.49 0.33 40.00 2 1000 1.0e+11 8.325e-03
32.96 -94.12 25.65 0.60 0.66 40.00 250 1000 1.0e+11 8.325e-03
3.29 -81.33 1.13 0.05 0.33 40.00 218 1000 1.0e+11 8.325e-03
33.00 -99.49 35.85 0.72 0.83 40.00 2 1000 1.0e+11 8.325e-03
3.31 -81.58 6.12 0.09 1.07 40.00 242 1000 1.0e+11 8.325e-03
33.29 -96.64 30.64 0.66 0.74 40.00 193 1000 1.0e+11 8.325e-03
33.67 -91.89 18.22 0.54 0.50 40.00 238 1000 1.0e+11 8.325e-03
33.74 -89.92 8.54 0.49 0.25 40.00 4 1000 1.0e+11 8.325e-03
3.37 -81.33 0.85 0.05 0.25 40.00 249 1000 1.0e+11 8.325e-03
3.39 -81.99 9.88 0.14 1.24 40.00 17 1000 1.0e+11 8.325e-03
34.20 -106.41 43.94 0.85 0.91 40.00 2 1000 1.0e+11 8.325e-03
34.26 -115.69 52.45 1.01 0.99 40.00 3 1000 1.0e+11 8.325e-03
3.42 -82.57 13.50 0.19 1.32 40.00 3 1000 1.0e+11 8.325e-03
34.33 -89.92 5.73 0.49 0.17 40.00 6 1000 1.0e+11 8.325e-03
3.43 -81.33 0.57 0.05 0.17 40.00 225 1000 1.0e+11 8.325e-03
3.44 -84.25 20.60 0.29 1.41 40.00 237 1000 1.0e+11 8.325e-03
3.45 -94.12 41.62 0.60 1.49 40.00 251 1000 1.0e+11 8.325e-03
34.69 -89.92 2.87 0.49 0.08 40.00 5 1000 1.0e+11 8.325e-03
3.47 -81.33 0.29 0.05 0.08 40.00 234 1000 1.0e+11 8.325e-03
34.80 -89.92 0.00 0.49 0.00 40.00 3 1000 1.0e+11 8.325e-03
3.48 -81.33 0.00 0.05 0.00 40.00 244 1000 1.0e+11 8.325e-03
34.96 -94.12 22.84 0.60 0.58 40.00 247 1000 1.0e+11 8.325e-03
35.06 -91.89 15.38 0.54 0.41 40.00 218 1000 1.0e+11 8.325e-03
35.36 -102.72 38.41 0.78 0.83 40.00 2 1000 1.0e+11 8.325e-03
35.70 -96.64 27.79 0.66 0.66 40.00 239 1000 1.0e+11 8.325e-03
35.85 -99.49 33.00 0.72 0.74 40.00 1 1000 1.0e+11 8.325e-03
36.17 -121.79 55.36 1.10 0.99 40.00 0 1000 1.0e+11 8.325e-03
36.21 -91.89 12.43 0.54 0.33 40.00 12 1000 1.0e+11 8.325e-03
36.34 -110.67 46.69 0.92 0.91 40.00 1 1000 1.0e+11 8.325e-03
36.73 -94.12 19.88 0.60 0.50 40.00 259 1000 1.0e+11 8.325e-03
37.11 -91.89 9.40 0.54 0.25 40.00 4 1000 1.0e+11 8.325e-03
3.74 -96.64 45.09 0.66 1.49 40.00 248 1000 1.0e+11 8.325e-03
37.72 -106.41 40.97 0.85 0.83 40.00 2 1000 1.0e+11 8.325e-03
37.76 -91.89 6.30 0.54 0.17 40.00 205 1000 1.0e+11 8.325e-03
37.88 -96.64 24.75 0.66 0.58 40.00 226 1000 1.0e+11 8.325e-03
38.15 -91.89 3.16 0.54 0.08 40.00 249 1000 1.0e+11 8.325e-03
3.81 -81.58 5.83 0.09 0.99 40.00 245 1000 1.0e+11 8.325e-03
38.25 -94.12 16.78 0.60 0.41 40.00 253 1000 1.0e+11 8.325e-03
38.28 -91.89 0.00 0.54 0.00 40.00 244 1000 1.0e+11 8.325e-03
38.41 -102.72 35.36 0.78 0.74 40.00 2 1000 1.0e+11 8.325e-03
38.45 -99.49 29.93 0.72 0.66 40.00 209 1000 1.0e+11 8.325e-03
38.48 -115.69 49.44 1.01 0.91 40.00 0 1000 1.0e+11 8.325e-03
39.50 -94.12 13.56 0.60 0.33 40.00 213 1000 1.0e+11 8.325e-03
39.79 -96.64 21.53 0.66 0.50 40.00 230 1000 1.0e+11 8.325e-03
40.07 -110.67 43.53 0.92 0.83 40.00 2 1000 1.0e+11 8.325e-03
4.01 -85.36 24.03 0.33 1.41 40.00 199 1000 1.0e+11 8.325e-03
4.02 -99.49 48.56 0.72 1.49 40.00 272 1000 1.0e+11 8.325e-03
40.49 -94.12 10.25 0.60 0.25 40.00 4 1000 1.0e+11 8.325e-03
40.62 -121.79 52.18 1.10 0.91 40.00 1 1000 1.0e+11 8.325e-03
40.79 -99.49 26.65 0.72 0.58 40.00 260 1000 1.0e+11 8.325e-03
40.97 -106.41 37.72 0.85 0.74 40.00 4 1000 1.0e+11 8.325e-03
41.20 -102.72 32.07 0.78 0.66 40.00 3 1000 1.0e+11 8.325e-03
41.20 -94.12 6.87 0.60 0.17 40.00 241 1000 1.0e+11 8.325e-03
41.43 -96.64 18.17 0.66 0.41 40.00 258 1000 1.0e+11 8.325e-03
41.62 -94.12 3.45 0.60 0.08 40.00 227 1000 1.0e+11 8.325e-03
41.76 -94.12 0.00 0.60 0.00 40.00 248 1000 1.0e+11 8.325e-03
4.19 -81.99 9.56 0.14 1.16 40.00 194 1000 1.0e+11 8.325e-03
42.43 -115.69 46.09 1.01 0.83 40.00 1 1000 1.0e+11 8.325e-03
42.79 -96.64 14.69 0.66 0.33 40.00 201 1000 1.0e+11 8.325e-03
4.27 -83.32 16.87 0.24 1.32 40.00 212 1000 1.0e+11 8.325e-03
42.85 -99.49 23.19 0.72 0.50 40.00 236 1000 1.0e+11 8.325e-03
4.28 -81.58 5.49 0.09 0.91 40.00 241 1000 1.0e+11 8.325e-03
4.31 -102.72 52.03 0.78 1.49 40.00 2 1000 1.0e+11 8.325e-03
43.53 -110.67 40.07 0.92 0.74 40.00 0 1000 1.0e+11 8.325e-03
43.71 -102.72 28.55 0.78 0.58 40.00 5 1000 1.0e+11 8.325e-03
43.86 -96.64 11.11 0.66 0.25 40.00 3 1000 1.0e+11 8.325e-03
43.94 -106.41 34.20 0.85 0.66 40.00 1 1000 1.0e+11 8.325e-03
44.62 -99.49 19.57 0.72 0.41 40.00 235 1000 1.0e+11 8.325e-03
44.63 -96.64 7.45 0.66 0.17 40.00 242 1000 1.0e+11 8.325e-03
44.79 -121.79 48.65 1.10 0.83 40.00 1 1000 1.0e+11 8.325e-03
45.09 -96.64 3.74 0.66 0.08 40.00 246 1000 1.0e+11 8.325e-03
45.25 -96.64 0.00 0.66 0.00 40.00 227 1000 1.0e+11 8.325e-03
4.52 -82.57 13.17 0.19 1.24 40.00 201 1000 1.0e+11 8.325e-03
4.58 -86.67 27.46 0.38 1.41 40.00 215 1000 1.0e+11 8.325e-03
45.91 -102.72 24.85 0.78 0.50 40.00 6 1000 1.0e+11 8.325e-03
46.09 -115.69 42.43 1.01 0.74 40.00 0 1000 1.0e+11 8.325e-03
46.09 -99.49 15.82 0.72 0.33 40.00 193 1000 1.0e+11 8.325e-03
4.60 -106.41 55.50 0.85 1.49 40.00 3 1000 1.0e+11 8.325e-03
46.62 -106.41 30.46 0.85 0.58 40.00 5 1000 1.0e+11 8.325e-03
46.69 -110.67 36.34 0.92 0.66 40.00 1 1000 1.0e+11 8.325e-03
4.71 -81.58 5.12 0.09 0.83 40.00 244 1000 1.0e+11 8.325e-03
47.23 -99.49 11.96 0.72 0.25 40.00 7 1000 1.0e+11 8.325e-03
47.81 -102.72 20.97 0.78 0.41 40.00 3 1000 1.0e+11 8.325e-03
48.06 -99.49 8.02 0.72 0.17 40.00 210 1000 1.0e+11 8.325e-03
48.56 -99.49 4.02 0.72 0.08 40.00 236 1000 1.0e+11 8.325e-03
48.65 -121.79 44.79 1.10 0.74 40.00 0 1000 1.0e+11 8.325e-03
48.73 -99.49 0.00 0.72 0.00 40.00 232 1000 1.0e+11 8.325e-03
48.97 -106.41 26.50 0.85 0.50 40.00 0 1000 1.0e+11 8.325e-03
4.89 -110.67 58.96 0.92 1.49 40.00 4 1000 1.0e+11 8.325e-03
49.38 -102.72 16.95 0.78 0.33 40.00 3 1000 1.0e+11 8.325e-03
49.44 -115.69 38.48 1.01 0.66 40.00 0 1000 1.0e+11 8.325e-03
49.53 -110.67 32.36 0.92 0.58 40.00 1 1000 1.0e+11 8.325e-03
4.97 -81.99 9.18 0.14 1.07 40.00 236 1000 1.0e+11 8.325e-03
50.61 -102.72 12.82 0.78 0.25 40.00 2 1000 1.0e+11 8.325e-03
51.00 -106.41 22.37 0.85 0.41 40.00 1 1000 1.0e+11 8.325e-03
5.12 -81.58 4.71 0.09 0.74 40.00 242 1000 1.0e+11 8.325e-03
5.13 -84.25 20.24 0.29 1.32 40.00 237 1000 1.0e+11 8.325e-03
51.49 -102.72 8.59 0.78 0.17 40.00 0 1000 1.0e+11 8.325e-03
5.16 -88.19 30.90 0.44 1.41 40.00 6 1000 1.0e+11 8.325e-03
5.17 -115.69 62.43 1.01 1.49 40.00 1 1000 1.0e+11 8.325e-03
52.03 -102.72 4.31 0.78 0.08 40.00 2 1000 1.0e+11 8.325e-03
52.04 -110.67 28.16 0.92 0.50 40.00 1 1000 1.0e+11 8.325e-03
52.18 -121.79 40.62 1.10 0.66 40.00 0 1000 1.0e+11 8.325e-03
52.21 -102.72 0.00 0.78 0.00 40.00 209 1000 1.0e+11 8.325e-03
52.45 -115.69 34.26 1.01 0.58 40.00 2 1000 1.0e+11 8.325e-03
52.67 -106.41 18.08 0.85 0.33 40.00 0 1000 1.0e+11 8.325e-03
53.98 -106.41 13.67 0.85 0.25 40.00 0 1000 1.0e+11 8.325e-03
54.18 -110.67 23.77 0.92 0.41 40.00 6 1000 1.0e+11 8.325e-03
5.46 -121.79 65.90 1.10 1.49 40.00 0 1000 1.0e+11 8.325e-03
54.93 -106.41 9.17 0.85 0.17 40.00 1 1000 1.0e+11 8.325e-03
5.49 -81.58 4.28 0.09 0.66 40.00 254 1000 1.0e+11 8.325e-03
55.10 -115.69 29.82 1.01 0.50 40.00 1 1000 1.0e+11 8.325e-03
55.36 -121.79 36.17 1.10 0.58 40.00 1 1000 1.0e+11 8.325e-03
55.50 -106.41 4.60 0.85 0.08 40.00 2 1000 1.0e+11 8.325e-03
55.69 -106.41 0.00 0.85 0.00 40.00 1 1000 1.0e+11 8.325e-03
55.96 -110.67 19.21 0.92 0.33 40.00 4 1000 1.0e+11 8.325e-03
5.59 -82.57 12.75 0.19 1.16 40.00 203 1000 1.0e+11 8.325e-03
5.65 -83.32 16.46 0.24 1.24 40.00 234 1000 1.0e+11 8.325e-03
5.71 -81.99 8.74 0.14 0.99 40.00 217 1000 1.0e+11 8.325e-03
57.36 -110.67 14.52 0.92 0.25 40.00 2 1000 1.0e+11 8.325e-03
57.37 -115.69 25.17 1.01 0.41 40.00 2 1000 1.0e+11 8.325e-03
5.73 -89.92 34.33 0.49 1.41 40.00 0 1000 1.0e+11 8.325e-03
58.16 -121.79 31.47 1.10 0.50 40.00 1 1000 1.0e+11 8.325e-03
58.36 -110.67 9.74 0.92 0.17 40.00 3 1000 1.0e+11 8.325e-03
5.83 -81.58 3.81 0.09 0.58 40.00 253 1000 1.0e+11 8.325e-03
58.96 -110.67 4.89 0.92 0.08 40.00 3 1000 1.0e+11 8.325e-03
59.17 -110.67 0.00 0.92 0.00 40.00 1 1000 1.0e+11 8.325e-03
59.25 -115.69 20.34 1.01 0.33 40.00 0 1000 1.0e+11 8.325e-03
5.98 -85.36 23.62 0.33 1.32 40.00 229 1000 1.0e+11 8.325e-03
60.56 -121.79 26.56 1.10 0.41 40.00 2 1000 1.0e+11 8.325e-03
60.73 -115.69 15.38 1.01 0.25 40.00 0 1000 1.0e+11 8.325e-03
6.12 -81.58 3.31 0.09 0.50 40.00 254 1000 1.0e+11 8.325e-03
61.79 -115.69 10.31 1.01 0.17 40.00 5 1000 1.0e+11 8.325e-03
62.43 -115.69 5.17 1.01 0.08 40.00 6 1000 1.0e+11 8.325e-03
62.54 -121.79 21.47 1.10 0.33 40.00 6 1000 1.0e+11 8.325e-03
62.65 -115.69 0.00 1.01 0.00 40.00 1 1000 1.0e+11 8.325e-03
6.30 -91.89 37.76 0.54 1.41 40.00 200 1000 1.0e+11 8.325e-03
6.37 -81.58 2.80 0.09 0.41 40.00 243 1000 1.0e+11 8.325e-03
64.10 -121.79 16.23 1.10 0.25 40.00 1 1000 1.0e+11 8.325e-03
6.41 -81.99 8.24 0.14 0.91 40.00 190 1000 1.0e+11 8.325e-03
65.23 -121.79 10.88 1.10 0.17 40.00 2 1000 1.0e+11 8.325e-03
6.58 -81.58 2.26 0.09 0.33 40.00 226 1000 1.0e+11 8.325e-03
65.90 -121.79 5.46 1.10 0.08 40.00 0 1000 1.0e+11 8.325e-03
66.13 -121.79 0.00 1.10 0.00 40.00 1 1000 1.0e+11 8.325e-03
6.63 -82.57 12.24 0.19 1.07 40.00 197 1000 1.0e+11 8.325e-03
6.75 -81.58 1.71 0.09 0.25 40.00 237 1000 1.0e+11 8.325e-03
6.78 -84.25 19.75 0.29 1.24 40.00 234 1000 1.0e+11 8.325e-03
6.84 -86.67 26.99 0.38 1.32 40.00 206 1000 1.0e+11 8.325e-03
6.87 -81.58 1.15 0.09 0.17 40.00 253 1000 1.0e+11 8.325e-03
6.87 -94.12 41.20 0.60 1.41 40.00 243 1000 1.0e+11 8.325e-03
6.94 -81.58 0.57 0.09 0.08 40.00 248 1000 1.0e+11 8.325e-03
6.96 -81.58 0.00 0.09 0.00 40.00 252 1000 1.0e+11 8.325e-03
6.99 -83.32 15.94 0.24 1.16 40.00 215 1000 1.0e+11 8.325e-03
7.07 -81.99 7.68 0.14 0.83 40.00 229 1000 1.0e+11 8.325e-03
7.45 -96.64 44.63 0.66 1.41 40.00 232 1000 1.0e+11 8.325e-03
7.61 -82.57 11.65 0.19 0.99 40.00 186 1000 1.0e+11 8.325e-03
7.68 -81.99 7.07 0.14 0.74 40.00 196 1000 1.0e+11 8.325e-03
7.69 -88.19 30.37 0.44 1.32 40.00 4 1000 1.0e+11 8.325e-03
7.91 -85.36 23.04 0.33 1.24 40.00 255 1000 1.0e+11 8.325e-03
8.02 -99.49 48.06 0.72 1.41 40.00 198 1000 1.0e+11 8.325e-03
8.24 -81.99 6.41 0.14 0.66 40.00 177 1000 1.0e+11 8.325e-03
8.28 -83.32 15.30 0.24 1.07 40.00 238 1000 1.0e+11 8.325e-03
8.39 -84.25 19.12 0.29 1.16 40.00 253 1000 1.0e+11 8.325e-03
8.54 -89.92 33.74 0.49 1.32 40.00 5 1000 1.0e+11 8.325e-03
8.55 -82.57 10.99 0.19 0.91 40.00 211 1000 1.0e+11 8.325e-03
8.59 -102.72 51.49 0.78 1.41 40.00 2 1000 1.0e+11 8.325e-03
8.74 -81.99 5.71 0.14 0.58 40.00 207 1000 1.0e+11 8.325e-03
9.04 -86.67 26.33 0.38 1.24 40.00 237 1000 1.0e+11 8.325e-03
9.17 -106.41 54.93 0.85 1.41 40.00 1 1000 1.0e+11 8.325e-03
9.18 -81.99 4.97 0.14 0.50 40.00 208 1000 1.0e+11 8.325e-03
9.40 -91.89 37.11 0.54 1.32 40.00 4 1000 1.0e+11 8.325e-03
9.43 -82.57 10.24 0.19 0.83 40.00 16 1000 1.0e+11 8.325e-03
9.52 -83.32 14.57 0.24 0.99 40.00 237 1000 1.0e+11 8.325e-03
9.56 -81.99 4.19 0.14 0.41 40.00 221 1000 1.0e+11 8.325e-03
9.74 -110.67 58.36 0.92 1.41 40.00 0 1000 1.0e+11 8.325e-03
9.79 -85.36 22.31 0.33 1.16 40.00 237 1000 1.0e+11 8.325e-03
9.88 -81.99 3.39 0.14 0.33 40.00 13 1000 1.0e+11 8.325e-03
9.94 -84.25 18.37 0.29 1.07 40.00 245 1000 1.0e+11 8.325e-03
