0.00 -116.25 0.00 0.00 0.00 5.00 1825 10000
0.00 -116.30 2.06 0.05 1.57 5.00 1835 10000
0.00 -116.47 4.13 0.11 1.57 5.00 1769 10000
0.00 -116.74 6.19 0.16 1.57 5.00 0 10000
0.00 -117.13 8.25 0.21 1.57 5.00 0 10000
0.00 -117.63 10.32 0.27 1.57 5.00 0 10000
0.00 -118.26 12.38 0.32 1.57 5.00 0 10000
0.00 -119.01 14.44 0.38 1.57 5.00 0 10000
0.00 -119.89 16.51 0.43 1.57 5.00 0 10000
0.00 -120.93 18.57 0.49 1.57 5.00 2 10000
0.00 -122.12 20.63 0.55 1.57 5.00 1834 10000
0.00 -123.49 22.69 0.62 1.57 5.00 1830 10000
0.00 -125.06 24.76 0.68 1.57 5.00 1796 10000
0.00 -126.86 26.82 0.75 1.57 5.00 1802 10000
0.00 -128.95 28.88 0.83 1.57 5.00 0 10000
0.00 -131.39 30.95 0.91 1.57 5.00 0 10000
0.00 -134.31 33.01 1.00 1.57 5.00 0 10000
0.00 -137.94 35.07 1.11 1.57 5.00 0 10000
0.00 -142.90 37.14 1.24 1.57 5.00 0 10000
0.00 -155.45 39.20 1.57 1.57 5.00 0 10000
0.17 -116.30 2.06 0.05 1.49 5.00 1839 10000
0.34 -116.30 2.04 0.05 1.41 5.00 1832 10000
0.34 -116.47 4.11 0.11 1.49 5.00 1790 10000
0.51 -116.30 2.00 0.05 1.32 5.00 1843 10000
0.51 -116.74 6.17 0.16 1.49 5.00 0 10000
0.67 -116.30 1.95 0.05 1.24 5.00 1831 10000
0.68 -116.47 4.07 0.11 1.41 5.00 1758 10000
0.68 -117.13 8.22 0.21 1.49 5.00 0 10000
0.83 -116.30 1.89 0.05 1.16 5.00 1829 10000
0.85 -117.63 10.28 0.27 1.49 5.00 1546 10000
0.98 -116.30 1.81 0.05 1.07 5.00 1829 10000
10.00 -117.63 2.53 0.27 0.25 5.00 1800 10000
10.05 -131.39 29.27 0.91 1.24 5.00 0 10000
10.14 -119.89 13.02 0.43 0.91 5.00 1556 10000
10.16 -120.93 15.54 0.49 0.99 5.00 0 10000
10.18 -117.63 1.70 0.27 0.17 5.00 1802 10000
1.01 -116.47 4.00 0.11 1.32 5.00 1752 10000
10.28 -117.63 0.85 0.27 0.08 5.00 1786 10000
1.02 -116.74 6.11 0.16 1.41 5.00 0 10000
1.02 -118.26 12.34 0.32 1.49 5.00 1532 10000
10.32 -117.63 0.00 0.27 0.00 5.00 1795 10000
10.36 -118.26 6.77 0.32 0.58 5.00 2 10000
10.63 -119.01 9.78 0.38 0.74 5.00 1551 10000
10.72 -134.31 31.22 1.00 1.24 5.00 0 10000
10.77 -126.86 24.56 0.75 1.16 5.00 1594 10000
10.80 -123.49 19.96 0.62 1.07 5.00 1833 10000
10.89 -118.26 5.89 0.32 0.50 5.00 0 10000
11.18 -119.89 12.14 0.43 0.83 5.00 1562 10000
11.28 -122.12 17.27 0.55 0.99 5.00 1845 10000
11.34 -118.26 4.97 0.32 0.41 5.00 1572 10000
11.39 -137.94 33.17 1.11 1.24 5.00 0 10000
1.13 -116.30 1.73 0.05 0.99 5.00 1828 10000
11.40 -119.01 8.87 0.38 0.66 5.00 6 10000
11.40 -120.93 14.65 0.49 0.91 5.00 0 10000
11.60 -128.95 26.45 0.83 1.16 5.00 0 10000
11.71 -118.26 4.02 0.32 0.33 5.00 1749 10000
11.78 -125.06 21.77 0.68 1.07 5.00 1805 10000
1.19 -119.01 14.39 0.38 1.49 5.00 0 10000
12.00 -118.26 3.04 0.32 0.25 5.00 1752 10000
12.06 -142.90 35.12 1.24 1.24 5.00 0 10000
12.09 -119.01 7.90 0.38 0.58 5.00 0 10000
12.14 -119.89 11.18 0.43 0.74 5.00 0 10000
12.21 -118.26 2.04 0.32 0.17 5.00 1757 10000
12.34 -118.26 1.02 0.32 0.08 5.00 1750 10000
12.38 -118.26 0.00 0.32 0.00 5.00 1746 10000
12.41 -123.49 19.00 0.62 0.99 5.00 1816 10000
12.43 -131.39 28.34 0.91 1.16 5.00 0 10000
12.58 -120.93 13.66 0.49 0.83 5.00 0 10000
12.67 -122.12 16.28 0.55 0.91 5.00 1542 10000
12.70 -119.01 6.87 0.38 0.50 5.00 0 10000
12.73 -155.45 37.08 1.57 1.24 5.00 0 10000
12.77 -126.86 23.59 0.75 1.07 5.00 1612 10000
1.27 -116.30 1.63 0.05 0.91 5.00 1819 10000
13.02 -119.89 10.14 0.43 0.66 5.00 0 10000
13.23 -119.01 5.80 0.38 0.41 5.00 0 10000
13.26 -134.31 30.23 1.00 1.16 5.00 0 10000
1.34 -116.47 3.90 0.11 1.24 5.00 1753 10000
13.54 -125.06 20.73 0.68 0.99 5.00 1823 10000
13.66 -119.01 4.69 0.38 0.33 5.00 1594 10000
13.66 -120.93 12.58 0.49 0.74 5.00 0 10000
1.36 -117.13 8.14 0.21 1.41 5.00 1589 10000
1.36 -119.89 16.45 0.43 1.49 5.00 0 10000
13.75 -128.95 25.40 0.83 1.07 5.00 0 10000
13.82 -119.89 9.03 0.43 0.58 5.00 0 10000
13.94 -123.49 17.91 0.62 0.91 5.00 1795 10000
13.97 -122.12 15.18 0.55 0.83 5.00 0 10000
14.00 -119.01 3.55 0.38 0.25 5.00 1738 10000
14.09 -137.94 32.12 1.11 1.16 5.00 0 10000
1.40 -116.30 1.52 0.05 0.83 5.00 1830 10000
14.25 -119.01 2.38 0.38 0.17 5.00 1765 10000
14.39 -119.01 1.19 0.38 0.08 5.00 1739 10000
14.44 -119.01 0.00 0.38 0.00 5.00 1750 10000
14.52 -119.89 7.86 0.43 0.50 5.00 0 10000
14.65 -120.93 11.40 0.49 0.66 5.00 0 10000
14.67 -126.86 22.45 0.75 0.99 5.00 1605 10000
14.73 -131.39 27.22 0.91 1.07 5.00 0 10000
14.92 -142.90 34.01 1.24 1.16 5.00 0 10000
15.12 -119.89 6.63 0.43 0.41 5.00 0 10000
15.18 -122.12 13.97 0.55 0.74 5.00 0 10000
15.21 -125.06 19.54 0.68 0.91 5.00 1803 10000
1.52 -116.30 1.40 0.05 0.74 5.00 1833 10000
1.52 -116.74 6.00 0.16 1.32 5.00 0 10000
15.37 -123.49 16.70 0.62 0.83 5.00 1530 10000
1.53 -120.93 18.51 0.49 1.49 5.00 0 10000
15.54 -120.93 10.16 0.49 0.58 5.00 0 10000
15.61 -119.89 5.36 0.43 0.33 5.00 0 10000
15.71 -134.31 29.03 1.00 1.07 5.00 0 10000
15.75 -155.45 35.90 1.57 1.16 5.00 0 10000
15.80 -128.95 24.18 0.83 0.99 5.00 0 10000
16.00 -119.89 4.05 0.43 0.25 5.00 1 10000
16.28 -119.89 2.72 0.43 0.17 5.00 1565 10000
16.28 -122.12 12.67 0.55 0.66 5.00 1508 10000
16.33 -120.93 8.84 0.49 0.50 5.00 0 10000
1.63 -116.30 1.27 0.05 0.66 5.00 1824 10000
16.45 -119.89 1.36 0.43 0.08 5.00 1587 10000
16.47 -126.86 21.17 0.75 0.91 5.00 0 10000
16.51 -119.89 0.00 0.43 0.00 5.00 1792 10000
16.69 -137.94 30.85 1.11 1.07 5.00 0 10000
1.66 -116.47 3.78 0.11 1.16 5.00 1771 10000
16.70 -123.49 15.37 0.62 0.74 5.00 1543 10000
16.77 -125.06 18.21 0.68 0.83 5.00 1545 10000
16.93 -131.39 25.91 0.91 0.99 5.00 0 10000
17.00 -120.93 7.46 0.49 0.41 5.00 0 10000
1.70 -117.63 10.18 0.27 1.41 5.00 1769 10000
1.70 -122.12 20.56 0.55 1.49 5.00 1815 10000
17.27 -122.12 11.28 0.55 0.58 5.00 1823 10000
1.73 -116.30 1.13 0.05 0.58 5.00 1841 10000
17.56 -120.93 6.03 0.49 0.33 5.00 0 10000
17.68 -142.90 32.66 1.24 1.07 5.00 0 10000
17.74 -128.95 22.79 0.83 0.91 5.00 0 10000
17.91 -123.49 13.94 0.62 0.66 5.00 1796 10000
18.00 -120.93 4.56 0.49 0.25 5.00 0 10000
18.06 -134.31 27.64 1.00 0.99 5.00 0 10000
18.14 -122.12 9.82 0.55 0.50 5.00 1816 10000
18.17 -126.86 19.73 0.75 0.83 5.00 0 10000
1.81 -116.30 0.98 0.05 0.50 5.00 1832 10000
18.21 -125.06 16.77 0.68 0.74 5.00 1539 10000
18.32 -120.93 3.06 0.49 0.17 5.00 0 10000
18.51 -120.93 1.53 0.49 0.08 5.00 0 10000
18.57 -120.93 0.00 0.49 0.00 5.00 4 10000
18.66 -155.45 34.48 1.57 1.07 5.00 0 10000
1.87 -123.49 22.62 0.62 1.49 5.00 1832 10000
18.89 -122.12 8.29 0.55 0.41 5.00 1809 10000
1.89 -116.30 0.83 0.05 0.41 5.00 1819 10000
19.00 -123.49 12.41 0.62 0.58 5.00 1837 10000
19.01 -131.39 24.42 0.91 0.91 5.00 0 10000
19.18 -137.94 29.36 1.11 0.99 5.00 0 10000
19.51 -122.12 6.70 0.55 0.33 5.00 1555 10000
19.54 -125.06 15.21 0.68 0.66 5.00 1805 10000
19.56 -128.95 21.25 0.83 0.83 5.00 0 10000
1.95 -116.30 0.67 0.05 0.33 5.00 1831 10000
1.96 -116.47 3.63 0.11 1.07 5.00 1758 10000
19.73 -126.86 18.17 0.75 0.74 5.00 0 10000
19.96 -123.49 10.80 0.62 0.50 5.00 1830 10000
20.00 -122.12 5.06 0.55 0.25 5.00 0 10000
2.00 -116.30 0.51 0.05 0.25 5.00 1831 10000
2.01 -116.74 5.85 0.16 1.24 5.00 0 10000
20.28 -134.31 26.05 1.00 0.91 5.00 1 10000
20.31 -142.90 31.09 1.24 0.99 5.00 0 10000
20.35 -122.12 3.40 0.55 0.17 5.00 1563 10000
2.03 -117.13 8.00 0.21 1.32 5.00 1602 10000
2.04 -116.30 0.34 0.05 0.17 5.00 1829 10000
2.04 -118.26 12.21 0.32 1.41 5.00 1770 10000
2.04 -125.06 24.67 0.68 1.49 5.00 1819 10000
20.56 -122.12 1.70 0.55 0.08 5.00 1815 10000
20.63 -122.12 0.00 0.55 0.00 5.00 1838 10000
2.06 -116.30 0.00 0.05 0.00 5.00 1829 10000
2.06 -116.30 0.17 0.05 0.08 5.00 1831 10000
20.73 -125.06 13.54 0.68 0.58 5.00 1812 10000
20.78 -123.49 9.12 0.62 0.41 5.00 1805 10000
20.96 -131.39 22.77 0.91 0.83 5.00 0 10000
21.17 -126.86 16.47 0.75 0.66 5.00 0 10000
21.25 -128.95 19.56 0.83 0.74 5.00 0 10000
21.44 -155.45 32.82 1.57 0.99 5.00 0 10000
21.47 -123.49 7.37 0.62 0.33 5.00 1536 10000
21.54 -137.94 27.68 1.11 0.91 5.00 0 10000
21.77 -125.06 11.78 0.68 0.50 5.00 1812 10000
22.00 -123.49 5.57 0.62 0.25 5.00 0 10000
2.21 -126.86 26.73 0.75 1.49 5.00 1627 10000
22.36 -134.31 24.29 1.00 0.83 5.00 0 10000
22.39 -123.49 3.74 0.62 0.17 5.00 1788 10000
22.45 -126.86 14.67 0.75 0.58 5.00 1618 10000
22.62 -123.49 1.87 0.62 0.08 5.00 1821 10000
22.67 -125.06 9.95 0.68 0.41 5.00 1791 10000
22.69 -123.49 0.00 0.62 0.00 5.00 1832 10000
2.26 -116.47 3.45 0.11 0.99 5.00 1760 10000
22.77 -131.39 20.96 0.91 0.74 5.00 0 10000
22.79 -128.95 17.74 0.83 0.66 5.00 1 10000
22.81 -142.90 29.31 1.24 0.91 5.00 0 10000
23.42 -125.06 8.04 0.68 0.33 5.00 1551 10000
23.59 -126.86 12.77 0.75 0.50 5.00 1572 10000
23.75 -137.94 25.80 1.11 0.83 5.00 0 10000
2.38 -119.01 14.25 0.38 1.41 5.00 1592 10000
2.39 -128.95 28.79 0.83 1.49 5.00 0 10000
24.00 -125.06 6.08 0.68 0.25 5.00 0 10000
24.08 -155.45 30.93 1.57 0.91 5.00 0 10000
24.18 -128.95 15.80 0.83 0.58 5.00 0 10000
24.29 -134.31 22.36 1.00 0.74 5.00 0 10000
24.42 -125.06 4.08 0.68 0.17 5.00 1754 10000
24.42 -131.39 19.01 0.91 0.66 5.00 0 10000
24.56 -126.86 10.77 0.75 0.41 5.00 1571 10000
24.67 -125.06 2.04 0.68 0.08 5.00 1826 10000
24.76 -125.06 0.00 0.68 0.00 5.00 1812 10000
2.49 -116.74 5.67 0.16 1.16 5.00 0 10000
25.15 -142.90 27.32 1.24 0.83 5.00 0 10000
25.37 -126.86 8.71 0.75 0.33 5.00 0 10000
2.53 -116.47 3.26 0.11 0.91 5.00 1771 10000
2.53 -117.63 10.00 0.27 1.32 5.00 1790 10000
25.40 -128.95 13.75 0.83 0.50 5.00 0 10000
2.56 -131.39 30.84 0.91 1.49 5.00 0 10000
25.80 -137.94 23.75 1.11 0.74 5.00 0 10000
25.91 -131.39 16.93 0.91 0.58 5.00 0 10000
26.00 -126.86 6.58 0.75 0.25 5.00 0 10000
26.05 -134.31 20.28 1.00 0.66 5.00 0 10000
26.45 -128.95 11.60 0.83 0.41 5.00 2 10000
26.46 -126.86 4.41 0.75 0.17 5.00 0 10000
26.55 -155.45 28.84 1.57 0.83 5.00 0 10000
26.73 -126.86 2.21 0.75 0.08 5.00 1607 10000
26.82 -126.86 0.00 0.75 0.00 5.00 1795 10000
2.68 -117.13 7.81 0.21 1.24 5.00 1584 10000
27.22 -131.39 14.73 0.91 0.50 5.00 0 10000
2.72 -119.89 16.28 0.43 1.41 5.00 0 10000
27.32 -128.95 9.38 0.83 0.33 5.00 1 10000
27.32 -142.90 25.15 1.24 0.74 5.00 0 10000
2.73 -134.31 32.90 1.00 1.49 5.00 0 10000
27.64 -134.31 18.06 1.00 0.58 5.00 0 10000
27.68 -137.94 21.54 1.11 0.66 5.00 0 10000
2.79 -116.47 3.04 0.11 0.83 5.00 1761 10000
28.00 -128.95 7.09 0.83 0.25 5.00 0 10000
28.34 -131.39 12.43 0.91 0.41 5.00 0 10000
28.49 -128.95 4.75 0.83 0.17 5.00 0 10000
28.79 -128.95 2.39 0.83 0.08 5.00 0 10000
28.84 -155.45 26.55 1.57 0.74 5.00 0 10000
28.88 -128.95 0.00 0.83 0.00 5.00 0 10000
29.03 -134.31 15.71 1.00 0.50 5.00 0 10000
2.90 -137.94 34.95 1.11 1.49 5.00 0 10000
29.27 -131.39 10.05 0.91 0.33 5.00 0 10000
29.31 -142.90 22.81 1.24 0.66 5.00 0 10000
29.36 -137.94 19.18 1.11 0.58 5.00 0 10000
2.95 -116.74 5.44 0.16 1.07 5.00 0 10000
30.00 -131.39 7.60 0.91 0.25 5.00 0 10000
30.23 -134.31 13.26 1.00 0.41 5.00 2 10000
3.04 -116.47 2.79 0.11 0.74 5.00 1760 10000
3.04 -118.26 12.00 0.32 1.32 5.00 1753 10000
30.53 -131.39 5.09 0.91 0.17 5.00 0 10000
3.06 -120.93 18.32 0.49 1.41 5.00 0 10000
3.07 -142.90 37.01 1.24 1.49 5.00 0 10000
30.84 -131.39 2.56 0.91 0.08 5.00 0 10000
30.85 -137.94 16.69 1.11 0.50 5.00 0 10000
30.93 -155.45 24.08 1.57 0.66 5.00 0 10000
30.95 -131.39 0.00 0.91 0.00 5.00 0 10000
31.09 -142.90 20.31 1.24 0.58 5.00 0 10000
31.22 -134.31 10.72 1.00 0.33 5.00 0 10000
32.00 -134.31 8.10 1.00 0.25 5.00 0 10000
32.12 -137.94 14.09 1.11 0.41 5.00 0 10000
3.24 -155.45 39.07 1.57 1.49 5.00 0 10000
32.56 -134.31 5.43 1.00 0.17 5.00 0 10000
32.66 -142.90 17.68 1.24 0.50 5.00 0 10000
3.26 -116.47 2.53 0.11 0.66 5.00 1757 10000
32.82 -155.45 21.44 1.57 0.58 5.00 0 10000
32.90 -134.31 2.73 1.00 0.08 5.00 0 10000
33.01 -134.31 0.00 1.00 0.00 5.00 0 10000
33.17 -137.94 11.39 1.11 0.33 5.00 0 10000
3.32 -117.13 7.56 0.21 1.16 5.00 1797 10000
3.35 -117.63 9.76 0.27 1.24 5.00 1805 10000
3.39 -116.74 5.18 0.16 0.99 5.00 0 10000
34.00 -137.94 8.61 1.11 0.25 5.00 0 10000
34.01 -142.90 14.92 1.24 0.41 5.00 0 10000
3.40 -122.12 20.35 0.55 1.41 5.00 1574 10000
34.48 -155.45 18.66 1.57 0.50 5.00 0 10000
3.45 -116.47 2.26 0.11 0.58 5.00 1745 10000
34.60 -137.94 5.77 1.11 0.17 5.00 0 10000
34.95 -137.94 2.90 1.11 0.08 5.00 0 10000
35.07 -137.94 0.00 1.11 0.00 5.00 0 10000
35.12 -142.90 12.06 1.24 0.33 5.00 0 10000
3.55 -119.01 14.00 0.38 1.32 5.00 1728 10000
35.90 -155.45 15.75 1.57 0.41 5.00 0 10000
36.00 -142.90 9.12 1.24 0.25 5.00 0 10000
3.63 -116.47 1.96 0.11 0.50 5.00 1761 10000
36.63 -142.90 6.11 1.24 0.17 5.00 0 10000
37.01 -142.90 3.07 1.24 0.08 5.00 0 10000
37.08 -155.45 12.73 1.57 0.33 5.00 0 10000
37.14 -142.90 0.00 1.24 0.00 5.00 0 10000
3.74 -123.49 22.39 0.62 1.41 5.00 1820 10000
3.78 -116.47 1.66 0.11 0.41 5.00 1761 10000
38.00 -155.45 9.62 1.57 0.25 5.00 0 10000
3.80 -116.74 4.88 0.16 0.91 5.00 0 10000
38.67 -155.45 6.45 1.57 0.17 5.00 0 10000
39.07 -155.45 3.24 1.57 0.08 5.00 0 10000
3.90 -116.47 1.34 0.11 0.33 5.00 1756 10000
39.20 -155.45 0.00 1.57 0.00 5.00 0 10000
3.93 -117.13 7.26 0.21 1.07 5.00 1743 10000
4.00 -116.47 1.01 0.11 0.25 5.00 1777 10000
4.02 -118.26 11.71 0.32 1.24 5.00 1768 10000
4.05 -119.89 16.00 0.43 1.32 5.00 0 10000
4.07 -116.47 0.68 0.11 0.17 5.00 1768 10000
4.08 -125.06 24.42 0.68 1.41 5.00 1758 10000
4.11 -116.47 0.34 0.11 0.08 5.00 1799 10000
4.13 -116.47 0.00 0.11 0.00 5.00 1794 10000
4.14 -117.63 9.45 0.27 1.16 5.00 1801 10000
4.19 -116.74 4.55 0.16 0.83 5.00 0 10000
4.41 -126.86 26.46 0.75 1.41 5.00 0 10000
4.51 -117.13 6.91 0.21 0.99 5.00 1754 10000
4.55 -116.74 4.19 0.16 0.74 5.00 0 10000
4.56 -120.93 18.00 0.49 1.32 5.00 0 10000
4.69 -119.01 13.66 0.38 1.24 5.00 1751 10000
4.75 -128.95 28.49 0.83 1.41 5.00 0 10000
4.88 -116.74 3.80 0.16 0.66 5.00 0 10000
4.91 -117.63 9.07 0.27 1.07 5.00 1805 10000
4.97 -118.26 11.34 0.32 1.16 5.00 1771 10000
5.06 -122.12 20.00 0.55 1.32 5.00 0 10000
5.07 -117.13 6.51 0.21 0.91 5.00 1758 10000
5.09 -131.39 30.53 0.91 1.41 5.00 0 10000
5.18 -116.74 3.39 0.16 0.58 5.00 0 10000
5.36 -119.89 15.61 0.43 1.24 5.00 1540 10000
5.43 -134.31 32.56 1.00 1.41 5.00 1 10000
5.44 -116.74 2.95 0.16 0.50 5.00 0 10000
5.57 -123.49 22.00 0.62 1.32 5.00 0 10000
5.59 -117.13 6.07 0.21 0.83 5.00 1586 10000
5.64 -117.63 8.64 0.27 0.99 5.00 1773 10000
5.67 -116.74 2.49 0.16 0.41 5.00 0 10000
5.77 -137.94 34.60 1.11 1.41 5.00 0 10000
5.80 -119.01 13.23 0.38 1.16 5.00 1732 10000
5.85 -116.74 2.01 0.16 0.33 5.00 0 10000
5.89 -118.26 10.89 0.32 1.07 5.00 1757 10000
6.00 -116.74 1.52 0.16 0.25 5.00 0 10000
6.03 -120.93 17.56 0.49 1.24 5.00 0 10000
6.07 -117.13 5.59 0.21 0.74 5.00 1578 10000
6.08 -125.06 24.00 0.68 1.32 5.00 0 10000
6.11 -116.74 1.02 0.16 0.17 5.00 0 10000
6.11 -142.90 36.63 1.24 1.41 5.00 0 10000
6.17 -116.74 0.51 0.16 0.08 5.00 0 10000
6.19 -116.74 0.00 0.16 0.00 5.00 0 10000
6.34 -117.63 8.14 0.27 0.91 5.00 1793 10000
6.45 -155.45 38.67 1.57 1.41 5.00 0 10000
6.51 -117.13 5.07 0.21 0.66 5.00 1 10000
6.58 -126.86 26.00 0.75 1.32 5.00 0 10000
6.63 -119.89 15.12 0.43 1.16 5.00 1579 10000
6.70 -122.12 19.51 0.55 1.24 5.00 1543 10000
6.77 -118.26 10.36 0.32 0.99 5.00 1752 10000
6.87 -119.01 12.70 0.38 1.07 5.00 1745 10000
6.91 -117.13 4.51 0.21 0.58 5.00 0 10000
6.99 -117.63 7.59 0.27 0.83 5.00 1777 10000
7.09 -128.95 28.00 0.83 1.32 5.00 0 10000
7.26 -117.13 3.93 0.21 0.50 5.00 0 10000
7.37 -123.49 21.47 0.62 1.24 5.00 1513 10000
7.46 -120.93 17.00 0.49 1.16 5.00 0 10000
7.56 -117.13 3.32 0.21 0.41 5.00 0 10000
7.59 -117.63 6.99 0.27 0.74 5.00 1778 10000
7.60 -118.26 9.77 0.32 0.91 5.00 1770 10000
7.60 -131.39 30.00 0.91 1.32 5.00 0 10000
7.81 -117.13 2.68 0.21 0.33 5.00 1569 10000
7.86 -119.89 14.52 0.43 1.07 5.00 1785 10000
7.90 -119.01 12.09 0.38 0.99 5.00 1752 10000
8.00 -117.13 2.03 0.21 0.25 5.00 1608 10000
8.04 -125.06 23.42 0.68 1.24 5.00 1552 10000
8.10 -134.31 32.00 1.00 1.32 5.00 0 10000
8.14 -117.13 1.36 0.21 0.17 5.00 1599 10000
8.14 -117.63 6.34 0.27 0.66 5.00 1578 10000
8.22 -117.13 0.68 0.21 0.08 5.00 1760 10000
8.25 -117.13 0.00 0.21 0.00 5.00 1782 10000
8.29 -122.12 18.89 0.55 1.16 5.00 1820 10000
8.38 -118.26 9.11 0.32 0.83 5.00 1770 10000
8.61 -137.94 34.00 1.11 1.32 5.00 0 10000
8.64 -117.63 5.64 0.27 0.58 5.00 6 10000
8.71 -126.86 25.37 0.75 1.24 5.00 0 10000
8.84 -120.93 16.33 0.49 1.07 5.00 0 10000
8.87 -119.01 11.40 0.38 0.91 5.00 1771 10000
9.03 -119.89 13.82 0.43 0.99 5.00 1554 10000
9.07 -117.63 4.91 0.27 0.50 5.00 0 10000
9.11 -118.26 8.38 0.32 0.74 5.00 1762 10000
9.12 -123.49 20.78 0.62 1.16 5.00 1817 10000
9.12 -142.90 36.00 1.24 1.32 5.00 0 10000
9.38 -128.95 27.32 0.83 1.24 5.00 0 10000
9.45 -117.63 4.14 0.27 0.41 5.00 1563 10000
9.62 -155.45 38.00 1.57 1.32 5.00 0 10000
9.76 -117.63 3.35 0.27 0.33 5.00 1756 10000
9.77 -118.26 7.60 0.32 0.66 5.00 1568 10000
9.78 -119.01 10.63 0.38 0.83 5.00 1764 10000
9.82 -122.12 18.14 0.55 1.07 5.00 1814 10000
9.95 -125.06 22.67 0.68 1.16 5.00 1774 10000
