0.00 -116.25 0.00 0.00 0.00 5.00 232 1000 1.0e+11 5.550e-04
0.00 -116.29 1.84 0.05 1.57 5.00 194 1000 1.0e+11 5.550e-04
0.00 -116.42 3.68 0.09 1.57 5.00 198 1000 1.0e+11 5.550e-04
0.00 -116.64 5.52 0.14 1.57 5.00 167 1000 1.0e+11 5.550e-04
0.00 -116.95 7.35 0.19 1.57 5.00 35 1000 1.0e+11 5.550e-04
0.00 -117.34 9.19 0.24 1.57 5.00 45 1000 1.0e+11 5.550e-04
0.00 -117.83 11.03 0.29 1.57 5.00 28 1000 1.0e+11 5.550e-04
0.00 -118.42 12.87 0.33 1.57 5.00 43 1000 1.0e+11 5.550e-04
0.00 -119.11 14.71 0.38 1.57 5.00 29 1000 1.0e+11 5.550e-04
0.00 -119.91 16.55 0.44 1.57 5.00 26 1000 1.0e+11 5.550e-04
0.00 -120.83 18.39 0.49 1.57 5.00 25 1000 1.0e+11 5.550e-04
0.00 -121.87 20.23 0.54 1.57 5.00 202 1000 1.0e+11 5.550e-04
0.00 -123.05 22.06 0.60 1.57 5.00 205 1000 1.0e+11 5.550e-04
0.00 -124.38 23.90 0.66 1.57 5.00 197 1000 1.0e+11 5.550e-04
0.00 -125.89 25.74 0.72 1.57 5.00 188 1000 1.0e+11 5.550e-04
0.00 -127.59 27.58 0.78 1.57 5.00 152 1000 1.0e+11 5.550e-04
0.00 -129.54 29.42 0.85 1.57 5.00 6 1000 1.0e+11 5.550e-04
0.00 -131.79 31.26 0.92 1.57 5.00 9 1000 1.0e+11 5.550e-04
0.00 -134.44 33.10 1.01 1.57 5.00 5 1000 1.0e+11 5.550e-04
0.00 -137.67 34.94 1.10 1.57 5.00 0 1000 1.0e+11 5.550e-04
0.15 -116.29 1.83 0.05 1.49 5.00 216 1000 1.0e+11 5.550e-04
0.30 -116.29 1.81 0.05 1.41 5.00 208 1000 1.0e+11 5.550e-04
0.30 -116.42 3.66 0.09 1.49 5.00 198 1000 1.0e+11 5.550e-04
0.45 -116.29 1.78 0.05 1.32 5.00 194 1000 1.0e+11 5.550e-04
0.46 -116.64 5.50 0.14 1.49 5.00 193 1000 1.0e+11 5.550e-04
0.60 -116.29 1.74 0.05 1.24 5.00 206 1000 1.0e+11 5.550e-04
0.61 -116.42 3.63 0.09 1.41 5.00 228 1000 1.0e+11 5.550e-04
0.61 -116.95 7.33 0.19 1.49 5.00 45 1000 1.0e+11 5.550e-04
0.74 -116.29 1.68 0.05 1.16 5.00 192 1000 1.0e+11 5.550e-04
0.76 -117.34 9.16 0.24 1.49 5.00 37 1000 1.0e+11 5.550e-04
0.88 -116.29 1.62 0.05 1.07 5.00 219 1000 1.0e+11 5.550e-04
0.90 -116.42 3.56 0.09 1.32 5.00 212 1000 1.0e+11 5.550e-04
0.91 -116.64 5.44 0.14 1.41 5.00 170 1000 1.0e+11 5.550e-04
0.91 -117.83 10.99 0.29 1.49 5.00 218 1000 1.0e+11 5.550e-04
10.06 -120.83 15.39 0.49 0.99 5.00 30 1000 1.0e+11 5.550e-04
10.10 -117.83 4.43 0.29 0.41 5.00 194 1000 1.0e+11 5.550e-04
10.15 -131.79 29.56 0.92 1.24 5.00 4 1000 1.0e+11 5.550e-04
10.16 -118.42 7.91 0.33 0.66 5.00 171 1000 1.0e+11 5.550e-04
10.16 -119.91 13.06 0.44 0.91 5.00 181 1000 1.0e+11 5.550e-04
1.01 -116.29 1.54 0.05 0.99 5.00 217 1000 1.0e+11 5.550e-04
10.34 -125.89 23.57 0.72 1.16 5.00 176 1000 1.0e+11 5.550e-04
10.43 -117.83 3.58 0.29 0.33 5.00 211 1000 1.0e+11 5.550e-04
10.50 -123.05 19.41 0.60 1.07 5.00 204 1000 1.0e+11 5.550e-04
10.69 -117.83 2.71 0.29 0.25 5.00 198 1000 1.0e+11 5.550e-04
1.06 -118.42 12.83 0.33 1.49 5.00 177 1000 1.0e+11 5.550e-04
10.75 -134.44 31.30 1.01 1.24 5.00 3 1000 1.0e+11 5.550e-04
10.78 -118.42 7.04 0.33 0.58 5.00 34 1000 1.0e+11 5.550e-04
10.82 -119.11 9.96 0.38 0.74 5.00 163 1000 1.0e+11 5.550e-04
10.88 -117.83 1.82 0.29 0.17 5.00 208 1000 1.0e+11 5.550e-04
10.99 -117.83 0.91 0.29 0.08 5.00 214 1000 1.0e+11 5.550e-04
11.03 -117.83 0.00 0.29 0.00 5.00 183 1000 1.0e+11 5.550e-04
11.06 -121.87 16.93 0.54 0.99 5.00 183 1000 1.0e+11 5.550e-04
11.08 -127.59 25.26 0.78 1.16 5.00 13 1000 1.0e+11 5.550e-04
11.21 -119.91 12.17 0.44 0.83 5.00 171 1000 1.0e+11 5.550e-04
11.29 -120.83 14.51 0.49 0.91 5.00 26 1000 1.0e+11 5.550e-04
11.32 -118.42 6.13 0.33 0.50 5.00 29 1000 1.0e+11 5.550e-04
11.34 -137.67 33.04 1.10 1.24 5.00 0 1000 1.0e+11 5.550e-04
11.38 -124.38 21.02 0.66 1.07 5.00 208 1000 1.0e+11 5.550e-04
1.13 -116.29 1.45 0.05 0.91 5.00 194 1000 1.0e+11 5.550e-04
11.61 -119.11 9.03 0.38 0.66 5.00 34 1000 1.0e+11 5.550e-04
11.79 -118.42 5.17 0.33 0.41 5.00 175 1000 1.0e+11 5.550e-04
11.82 -129.54 26.94 0.85 1.16 5.00 14 1000 1.0e+11 5.550e-04
1.19 -116.42 3.48 0.09 1.24 5.00 187 1000 1.0e+11 5.550e-04
12.07 -123.05 18.47 0.60 0.99 5.00 197 1000 1.0e+11 5.550e-04
12.17 -118.42 4.18 0.33 0.33 5.00 185 1000 1.0e+11 5.550e-04
12.17 -119.91 11.21 0.44 0.74 5.00 23 1000 1.0e+11 5.550e-04
1.21 -116.95 7.25 0.19 1.41 5.00 37 1000 1.0e+11 5.550e-04
1.21 -119.11 14.66 0.38 1.49 5.00 30 1000 1.0e+11 5.550e-04
12.25 -125.89 22.64 0.72 1.07 5.00 200 1000 1.0e+11 5.550e-04
12.31 -119.11 8.05 0.38 0.58 5.00 23 1000 1.0e+11 5.550e-04
12.42 -121.87 15.96 0.54 0.91 5.00 163 1000 1.0e+11 5.550e-04
12.45 -120.83 13.53 0.49 0.83 5.00 18 1000 1.0e+11 5.550e-04
12.48 -118.42 3.16 0.33 0.25 5.00 210 1000 1.0e+11 5.550e-04
12.56 -131.79 28.63 0.92 1.16 5.00 7 1000 1.0e+11 5.550e-04
1.25 -116.29 1.35 0.05 0.83 5.00 196 1000 1.0e+11 5.550e-04
12.70 -118.42 2.12 0.33 0.17 5.00 201 1000 1.0e+11 5.550e-04
12.83 -118.42 1.06 0.33 0.08 5.00 219 1000 1.0e+11 5.550e-04
12.87 -118.42 0.00 0.33 0.00 5.00 196 1000 1.0e+11 5.550e-04
12.94 -119.11 7.00 0.38 0.50 5.00 27 1000 1.0e+11 5.550e-04
13.06 -119.91 10.16 0.44 0.66 5.00 25 1000 1.0e+11 5.550e-04
13.07 -124.38 20.01 0.66 0.99 5.00 201 1000 1.0e+11 5.550e-04
13.13 -127.59 24.26 0.78 1.07 5.00 44 1000 1.0e+11 5.550e-04
13.29 -134.44 30.31 1.01 1.16 5.00 6 1000 1.0e+11 5.550e-04
13.47 -119.11 5.91 0.38 0.41 5.00 41 1000 1.0e+11 5.550e-04
13.53 -120.83 12.45 0.49 0.74 5.00 24 1000 1.0e+11 5.550e-04
13.55 -123.05 17.41 0.60 0.91 5.00 193 1000 1.0e+11 5.550e-04
1.35 -116.29 1.25 0.05 0.74 5.00 222 1000 1.0e+11 5.550e-04
1.35 -116.64 5.35 0.14 1.32 5.00 181 1000 1.0e+11 5.550e-04
13.70 -121.87 14.88 0.54 0.83 5.00 22 1000 1.0e+11 5.550e-04
1.37 -119.91 16.49 0.44 1.49 5.00 27 1000 1.0e+11 5.550e-04
13.85 -119.91 9.05 0.44 0.58 5.00 27 1000 1.0e+11 5.550e-04
13.91 -119.11 4.78 0.38 0.33 5.00 153 1000 1.0e+11 5.550e-04
14.00 -129.54 25.87 0.85 1.07 5.00 11 1000 1.0e+11 5.550e-04
14.03 -137.67 31.99 1.10 1.16 5.00 0 1000 1.0e+11 5.550e-04
14.08 -125.89 21.55 0.72 0.99 5.00 194 1000 1.0e+11 5.550e-04
14.26 -119.11 3.61 0.38 0.25 5.00 176 1000 1.0e+11 5.550e-04
14.51 -119.11 2.42 0.38 0.17 5.00 191 1000 1.0e+11 5.550e-04
14.51 -120.83 11.29 0.49 0.66 5.00 34 1000 1.0e+11 5.550e-04
14.55 -119.91 7.88 0.44 0.50 5.00 27 1000 1.0e+11 5.550e-04
1.45 -116.29 1.13 0.05 0.66 5.00 198 1000 1.0e+11 5.550e-04
14.66 -119.11 1.21 0.38 0.08 5.00 194 1000 1.0e+11 5.550e-04
14.68 -124.38 18.86 0.66 0.91 5.00 190 1000 1.0e+11 5.550e-04
14.71 -119.11 0.00 0.38 0.00 5.00 205 1000 1.0e+11 5.550e-04
14.88 -121.87 13.70 0.54 0.74 5.00 31 1000 1.0e+11 5.550e-04
14.88 -131.79 27.49 0.92 1.07 5.00 7 1000 1.0e+11 5.550e-04
1.48 -116.42 3.37 0.09 1.16 5.00 181 1000 1.0e+11 5.550e-04
14.94 -123.05 16.23 0.60 0.83 5.00 158 1000 1.0e+11 5.550e-04
15.09 -127.59 23.09 0.78 0.99 5.00 18 1000 1.0e+11 5.550e-04
15.15 -119.91 6.65 0.44 0.41 5.00 33 1000 1.0e+11 5.550e-04
1.51 -117.34 9.07 0.24 1.41 5.00 186 1000 1.0e+11 5.550e-04
1.52 -120.83 18.32 0.49 1.49 5.00 32 1000 1.0e+11 5.550e-04
15.39 -120.83 10.06 0.49 0.58 5.00 23 1000 1.0e+11 5.550e-04
1.54 -116.29 1.01 0.05 0.58 5.00 215 1000 1.0e+11 5.550e-04
15.65 -119.91 5.37 0.44 0.33 5.00 30 1000 1.0e+11 5.550e-04
15.75 -134.44 29.11 1.01 1.07 5.00 5 1000 1.0e+11 5.550e-04
15.81 -125.89 20.31 0.72 0.91 5.00 200 1000 1.0e+11 5.550e-04
15.96 -121.87 12.42 0.54 0.66 5.00 180 1000 1.0e+11 5.550e-04
16.04 -119.91 4.06 0.44 0.25 5.00 37 1000 1.0e+11 5.550e-04
16.09 -129.54 24.63 0.85 0.99 5.00 14 1000 1.0e+11 5.550e-04
16.17 -120.83 8.75 0.49 0.50 5.00 36 1000 1.0e+11 5.550e-04
16.19 -124.38 17.59 0.66 0.83 5.00 176 1000 1.0e+11 5.550e-04
16.23 -123.05 14.94 0.60 0.74 5.00 155 1000 1.0e+11 5.550e-04
1.62 -116.29 0.88 0.05 0.50 5.00 183 1000 1.0e+11 5.550e-04
16.32 -119.91 2.72 0.44 0.17 5.00 171 1000 1.0e+11 5.550e-04
16.49 -119.91 1.37 0.44 0.08 5.00 158 1000 1.0e+11 5.550e-04
16.55 -119.91 0.00 0.44 0.00 5.00 206 1000 1.0e+11 5.550e-04
16.63 -137.67 30.72 1.10 1.07 5.00 0 1000 1.0e+11 5.550e-04
1.67 -121.87 20.16 0.54 1.49 5.00 219 1000 1.0e+11 5.550e-04
16.84 -120.83 7.39 0.49 0.41 5.00 25 1000 1.0e+11 5.550e-04
1.68 -116.29 0.74 0.05 0.41 5.00 204 1000 1.0e+11 5.550e-04
16.93 -121.87 11.06 0.54 0.58 5.00 196 1000 1.0e+11 5.550e-04
16.94 -127.59 21.76 0.78 0.91 5.00 19 1000 1.0e+11 5.550e-04
17.10 -131.79 26.17 0.92 0.99 5.00 8 1000 1.0e+11 5.550e-04
17.39 -120.83 5.97 0.49 0.33 5.00 25 1000 1.0e+11 5.550e-04
17.41 -123.05 13.55 0.60 0.66 5.00 170 1000 1.0e+11 5.550e-04
17.43 -125.89 18.94 0.72 0.83 5.00 26 1000 1.0e+11 5.550e-04
1.74 -116.29 0.60 0.05 0.33 5.00 194 1000 1.0e+11 5.550e-04
17.59 -124.38 16.19 0.66 0.74 5.00 161 1000 1.0e+11 5.550e-04
1.75 -116.42 3.23 0.09 1.07 5.00 198 1000 1.0e+11 5.550e-04
17.79 -121.87 9.63 0.54 0.50 5.00 197 1000 1.0e+11 5.550e-04
17.82 -120.83 4.51 0.49 0.25 5.00 26 1000 1.0e+11 5.550e-04
1.78 -116.29 0.45 0.05 0.25 5.00 209 1000 1.0e+11 5.550e-04
1.79 -116.64 5.22 0.14 1.24 5.00 173 1000 1.0e+11 5.550e-04
18.07 -129.54 23.22 0.85 0.91 5.00 11 1000 1.0e+11 5.550e-04
18.10 -134.44 27.71 1.01 0.99 5.00 5 1000 1.0e+11 5.550e-04
18.14 -120.83 3.03 0.49 0.17 5.00 24 1000 1.0e+11 5.550e-04
1.81 -116.29 0.30 0.05 0.17 5.00 198 1000 1.0e+11 5.550e-04
1.81 -116.95 7.13 0.19 1.32 5.00 47 1000 1.0e+11 5.550e-04
1.82 -117.83 10.88 0.29 1.41 5.00 189 1000 1.0e+11 5.550e-04
1.82 -123.05 21.99 0.60 1.49 5.00 188 1000 1.0e+11 5.550e-04
18.32 -120.83 1.52 0.49 0.08 5.00 41 1000 1.0e+11 5.550e-04
18.39 -120.83 0.00 0.49 0.00 5.00 24 1000 1.0e+11 5.550e-04
1.83 -116.29 0.15 0.05 0.08 5.00 220 1000 1.0e+11 5.550e-04
18.47 -123.05 12.07 0.60 0.58 5.00 167 1000 1.0e+11 5.550e-04
1.84 -116.29 0.00 0.05 0.00 5.00 205 1000 1.0e+11 5.550e-04
18.52 -121.87 8.12 0.54 0.41 5.00 157 1000 1.0e+11 5.550e-04
18.68 -127.59 20.29 0.78 0.83 5.00 14 1000 1.0e+11 5.550e-04
18.86 -124.38 14.68 0.66 0.66 5.00 183 1000 1.0e+11 5.550e-04
18.94 -125.89 17.43 0.72 0.74 5.00 21 1000 1.0e+11 5.550e-04
19.11 -137.67 29.25 1.10 0.99 5.00 0 1000 1.0e+11 5.550e-04
19.13 -121.87 6.57 0.54 0.33 5.00 24 1000 1.0e+11 5.550e-04
19.20 -131.79 24.67 0.92 0.91 5.00 11 1000 1.0e+11 5.550e-04
19.41 -123.05 10.50 0.60 0.50 5.00 197 1000 1.0e+11 5.550e-04
19.61 -121.87 4.97 0.54 0.25 5.00 34 1000 1.0e+11 5.550e-04
1.97 -124.38 23.82 0.66 1.49 5.00 215 1000 1.0e+11 5.550e-04
19.93 -129.54 21.64 0.85 0.83 5.00 10 1000 1.0e+11 5.550e-04
19.95 -121.87 3.33 0.54 0.17 5.00 185 1000 1.0e+11 5.550e-04
20.01 -124.38 13.07 0.66 0.58 5.00 222 1000 1.0e+11 5.550e-04
20.16 -121.87 1.67 0.54 0.08 5.00 195 1000 1.0e+11 5.550e-04
2.01 -116.42 3.08 0.09 0.99 5.00 189 1000 1.0e+11 5.550e-04
20.21 -123.05 8.86 0.60 0.41 5.00 207 1000 1.0e+11 5.550e-04
20.23 -121.87 0.00 0.54 0.00 5.00 184 1000 1.0e+11 5.550e-04
20.29 -127.59 18.68 0.78 0.74 5.00 19 1000 1.0e+11 5.550e-04
20.31 -125.89 15.81 0.72 0.66 5.00 204 1000 1.0e+11 5.550e-04
20.33 -134.44 26.12 1.01 0.91 5.00 4 1000 1.0e+11 5.550e-04
20.87 -123.05 7.16 0.60 0.33 5.00 169 1000 1.0e+11 5.550e-04
21.02 -124.38 11.38 0.66 0.50 5.00 216 1000 1.0e+11 5.550e-04
21.17 -131.79 23.00 0.92 0.83 5.00 8 1000 1.0e+11 5.550e-04
2.12 -118.42 12.70 0.33 1.41 5.00 202 1000 1.0e+11 5.550e-04
21.39 -123.05 5.42 0.60 0.25 5.00 34 1000 1.0e+11 5.550e-04
2.13 -125.89 25.65 0.72 1.49 5.00 201 1000 1.0e+11 5.550e-04
21.46 -137.67 27.57 1.10 0.91 5.00 0 1000 1.0e+11 5.550e-04
21.55 -125.89 14.08 0.72 0.58 5.00 188 1000 1.0e+11 5.550e-04
21.64 -129.54 19.93 0.85 0.74 5.00 14 1000 1.0e+11 5.550e-04
21.76 -123.05 3.63 0.60 0.17 5.00 175 1000 1.0e+11 5.550e-04
21.76 -127.59 16.94 0.78 0.66 5.00 13 1000 1.0e+11 5.550e-04
21.89 -124.38 9.60 0.66 0.41 5.00 199 1000 1.0e+11 5.550e-04
21.99 -123.05 1.82 0.60 0.08 5.00 182 1000 1.0e+11 5.550e-04
22.06 -123.05 0.00 0.60 0.00 5.00 206 1000 1.0e+11 5.550e-04
2.22 -116.64 5.05 0.14 1.16 5.00 183 1000 1.0e+11 5.550e-04
22.42 -134.44 24.35 1.01 0.83 5.00 5 1000 1.0e+11 5.550e-04
22.61 -124.38 7.76 0.66 0.33 5.00 168 1000 1.0e+11 5.550e-04
22.64 -125.89 12.25 0.72 0.50 5.00 204 1000 1.0e+11 5.550e-04
2.26 -116.42 2.90 0.09 0.91 5.00 204 1000 1.0e+11 5.550e-04
2.26 -117.34 8.91 0.24 1.32 5.00 190 1000 1.0e+11 5.550e-04
2.28 -127.59 27.49 0.78 1.49 5.00 19 1000 1.0e+11 5.550e-04
23.00 -131.79 21.17 0.92 0.74 5.00 9 1000 1.0e+11 5.550e-04
23.09 -127.59 15.09 0.78 0.58 5.00 26 1000 1.0e+11 5.550e-04
23.17 -124.38 5.87 0.66 0.25 5.00 33 1000 1.0e+11 5.550e-04
23.22 -129.54 18.07 0.85 0.66 5.00 8 1000 1.0e+11 5.550e-04
23.57 -125.89 10.34 0.72 0.41 5.00 182 1000 1.0e+11 5.550e-04
23.58 -124.38 3.93 0.66 0.17 5.00 184 1000 1.0e+11 5.550e-04
23.66 -137.67 25.70 1.10 0.83 5.00 0 1000 1.0e+11 5.550e-04
23.82 -124.38 1.97 0.66 0.08 5.00 183 1000 1.0e+11 5.550e-04
23.90 -124.38 0.00 0.66 0.00 5.00 221 1000 1.0e+11 5.550e-04
2.39 -116.95 6.96 0.19 1.24 5.00 193 1000 1.0e+11 5.550e-04
24.26 -127.59 13.13 0.78 0.50 5.00 53 1000 1.0e+11 5.550e-04
2.42 -119.11 14.51 0.38 1.41 5.00 192 1000 1.0e+11 5.550e-04
24.35 -125.89 8.36 0.72 0.33 5.00 47 1000 1.0e+11 5.550e-04
24.35 -134.44 22.42 1.01 0.74 5.00 7 1000 1.0e+11 5.550e-04
2.43 -129.54 29.32 0.85 1.49 5.00 10 1000 1.0e+11 5.550e-04
24.63 -129.54 16.09 0.85 0.58 5.00 11 1000 1.0e+11 5.550e-04
24.67 -131.79 19.20 0.92 0.66 5.00 9 1000 1.0e+11 5.550e-04
24.95 -125.89 6.32 0.72 0.25 5.00 25 1000 1.0e+11 5.550e-04
2.49 -116.42 2.71 0.09 0.83 5.00 198 1000 1.0e+11 5.550e-04
25.26 -127.59 11.08 0.78 0.41 5.00 24 1000 1.0e+11 5.550e-04
25.39 -125.89 4.24 0.72 0.17 5.00 170 1000 1.0e+11 5.550e-04
25.65 -125.89 2.13 0.72 0.08 5.00 186 1000 1.0e+11 5.550e-04
25.70 -137.67 23.66 1.10 0.74 5.00 0 1000 1.0e+11 5.550e-04
25.74 -125.89 0.00 0.72 0.00 5.00 168 1000 1.0e+11 5.550e-04
25.87 -129.54 14.00 0.85 0.50 5.00 14 1000 1.0e+11 5.550e-04
2.58 -131.79 31.15 0.92 1.49 5.00 9 1000 1.0e+11 5.550e-04
26.09 -127.59 8.96 0.78 0.33 5.00 17 1000 1.0e+11 5.550e-04
26.12 -134.44 20.33 1.01 0.66 5.00 4 1000 1.0e+11 5.550e-04
26.17 -131.79 17.10 0.92 0.58 5.00 5 1000 1.0e+11 5.550e-04
2.63 -116.64 4.85 0.14 1.07 5.00 185 1000 1.0e+11 5.550e-04
26.74 -127.59 6.77 0.78 0.25 5.00 9 1000 1.0e+11 5.550e-04
26.94 -129.54 11.82 0.85 0.41 5.00 14 1000 1.0e+11 5.550e-04
2.71 -116.42 2.49 0.09 0.74 5.00 192 1000 1.0e+11 5.550e-04
2.71 -117.83 10.69 0.29 1.32 5.00 200 1000 1.0e+11 5.550e-04
27.20 -127.59 4.54 0.78 0.17 5.00 21 1000 1.0e+11 5.550e-04
2.72 -119.91 16.32 0.44 1.41 5.00 31 1000 1.0e+11 5.550e-04
2.73 -134.44 32.98 1.01 1.49 5.00 6 1000 1.0e+11 5.550e-04
27.49 -127.59 2.28 0.78 0.08 5.00 13 1000 1.0e+11 5.550e-04
27.49 -131.79 14.88 0.92 0.50 5.00 14 1000 1.0e+11 5.550e-04
27.57 -137.67 21.46 1.10 0.66 5.00 0 1000 1.0e+11 5.550e-04
27.58 -127.59 0.00 0.78 0.00 5.00 149 1000 1.0e+11 5.550e-04
27.71 -134.44 18.10 1.01 0.58 5.00 3 1000 1.0e+11 5.550e-04
27.83 -129.54 9.55 0.85 0.33 5.00 12 1000 1.0e+11 5.550e-04
28.52 -129.54 7.22 0.85 0.25 5.00 12 1000 1.0e+11 5.550e-04
28.63 -131.79 12.56 0.92 0.41 5.00 11 1000 1.0e+11 5.550e-04
2.88 -137.67 34.82 1.10 1.49 5.00 0 1000 1.0e+11 5.550e-04
29.02 -129.54 4.84 0.85 0.17 5.00 4 1000 1.0e+11 5.550e-04
2.90 -116.42 2.26 0.09 0.66 5.00 194 1000 1.0e+11 5.550e-04
29.11 -134.44 15.75 1.01 0.50 5.00 6 1000 1.0e+11 5.550e-04
29.25 -137.67 19.11 1.10 0.58 5.00 0 1000 1.0e+11 5.550e-04
29.32 -129.54 2.43 0.85 0.08 5.00 11 1000 1.0e+11 5.550e-04
29.42 -129.54 0.00 0.85 0.00 5.00 8 1000 1.0e+11 5.550e-04
29.56 -131.79 10.15 0.92 0.33 5.00 4 1000 1.0e+11 5.550e-04
2.95 -116.95 6.74 0.19 1.16 5.00 165 1000 1.0e+11 5.550e-04
2.99 -117.34 8.70 0.24 1.24 5.00 225 1000 1.0e+11 5.550e-04
3.02 -116.64 4.62 0.14 0.99 5.00 167 1000 1.0e+11 5.550e-04
30.30 -131.79 7.67 0.92 0.25 5.00 8 1000 1.0e+11 5.550e-04
30.31 -134.44 13.29 1.01 0.41 5.00 3 1000 1.0e+11 5.550e-04
3.03 -120.83 18.14 0.49 1.41 5.00 28 1000 1.0e+11 5.550e-04
30.72 -137.67 16.63 1.10 0.50 5.00 0 1000 1.0e+11 5.550e-04
30.83 -131.79 5.14 0.92 0.17 5.00 8 1000 1.0e+11 5.550e-04
3.08 -116.42 2.01 0.09 0.58 5.00 193 1000 1.0e+11 5.550e-04
31.15 -131.79 2.58 0.92 0.08 5.00 11 1000 1.0e+11 5.550e-04
31.26 -131.79 0.00 0.92 0.00 5.00 8 1000 1.0e+11 5.550e-04
31.30 -134.44 10.75 1.01 0.33 5.00 7 1000 1.0e+11 5.550e-04
3.16 -118.42 12.48 0.33 1.32 5.00 183 1000 1.0e+11 5.550e-04
31.99 -137.67 14.03 1.10 0.41 5.00 0 1000 1.0e+11 5.550e-04
32.08 -134.44 8.12 1.01 0.25 5.00 5 1000 1.0e+11 5.550e-04
3.23 -116.42 1.75 0.09 0.50 5.00 184 1000 1.0e+11 5.550e-04
32.65 -134.44 5.45 1.01 0.17 5.00 4 1000 1.0e+11 5.550e-04
32.98 -134.44 2.73 1.01 0.08 5.00 6 1000 1.0e+11 5.550e-04
33.04 -137.67 11.34 1.10 0.33 5.00 0 1000 1.0e+11 5.550e-04
33.10 -134.44 0.00 1.01 0.00 5.00 1 1000 1.0e+11 5.550e-04
3.33 -121.87 19.95 0.54 1.41 5.00 158 1000 1.0e+11 5.550e-04
3.37 -116.42 1.48 0.09 0.41 5.00 201 1000 1.0e+11 5.550e-04
33.87 -137.67 8.58 1.10 0.25 5.00 0 1000 1.0e+11 5.550e-04
3.39 -116.64 4.35 0.14 0.91 5.00 180 1000 1.0e+11 5.550e-04
34.46 -137.67 5.75 1.10 0.17 5.00 0 1000 1.0e+11 5.550e-04
34.82 -137.67 2.88 1.10 0.08 5.00 0 1000 1.0e+11 5.550e-04
3.48 -116.42 1.19 0.09 0.33 5.00 203 1000 1.0e+11 5.550e-04
34.94 -137.67 0.00 1.10 0.00 5.00 0 1000 1.0e+11 5.550e-04
3.50 -116.95 6.47 0.19 1.07 5.00 179 1000 1.0e+11 5.550e-04
3.56 -116.42 0.90 0.09 0.25 5.00 188 1000 1.0e+11 5.550e-04
3.58 -117.83 10.43 0.29 1.24 5.00 204 1000 1.0e+11 5.550e-04
3.61 -119.11 14.26 0.38 1.32 5.00 176 1000 1.0e+11 5.550e-04
3.63 -116.42 0.61 0.09 0.17 5.00 201 1000 1.0e+11 5.550e-04
3.63 -123.05 21.76 0.60 1.41 5.00 168 1000 1.0e+11 5.550e-04
3.66 -116.42 0.30 0.09 0.08 5.00 200 1000 1.0e+11 5.550e-04
3.68 -116.42 0.00 0.09 0.00 5.00 193 1000 1.0e+11 5.550e-04
3.69 -117.34 8.42 0.24 1.16 5.00 210 1000 1.0e+11 5.550e-04
3.74 -116.64 4.06 0.14 0.83 5.00 175 1000 1.0e+11 5.550e-04
3.93 -124.38 23.58 0.66 1.41 5.00 194 1000 1.0e+11 5.550e-04
4.02 -116.95 6.16 0.19 0.99 5.00 166 1000 1.0e+11 5.550e-04
4.06 -116.64 3.74 0.14 0.74 5.00 154 1000 1.0e+11 5.550e-04
4.06 -119.91 16.04 0.44 1.32 5.00 23 1000 1.0e+11 5.550e-04
4.18 -118.42 12.17 0.33 1.24 5.00 216 1000 1.0e+11 5.550e-04
4.24 -125.89 25.39 0.72 1.41 5.00 173 1000 1.0e+11 5.550e-04
4.35 -116.64 3.39 0.14 0.66 5.00 146 1000 1.0e+11 5.550e-04
4.38 -117.34 8.09 0.24 1.07 5.00 216 1000 1.0e+11 5.550e-04
4.43 -117.83 10.10 0.29 1.16 5.00 178 1000 1.0e+11 5.550e-04
4.51 -120.83 17.82 0.49 1.32 5.00 25 1000 1.0e+11 5.550e-04
4.52 -116.95 5.80 0.19 0.91 5.00 169 1000 1.0e+11 5.550e-04
4.54 -127.59 27.20 0.78 1.41 5.00 21 1000 1.0e+11 5.550e-04
4.62 -116.64 3.02 0.14 0.58 5.00 161 1000 1.0e+11 5.550e-04
4.78 -119.11 13.91 0.38 1.24 5.00 223 1000 1.0e+11 5.550e-04
4.84 -129.54 29.02 0.85 1.41 5.00 14 1000 1.0e+11 5.550e-04
4.85 -116.64 2.63 0.14 0.50 5.00 161 1000 1.0e+11 5.550e-04
4.97 -121.87 19.61 0.54 1.32 5.00 33 1000 1.0e+11 5.550e-04
4.98 -116.95 5.41 0.19 0.83 5.00 158 1000 1.0e+11 5.550e-04
5.03 -117.34 7.70 0.24 0.99 5.00 200 1000 1.0e+11 5.550e-04
5.05 -116.64 2.22 0.14 0.41 5.00 172 1000 1.0e+11 5.550e-04
5.14 -131.79 30.83 0.92 1.41 5.00 6 1000 1.0e+11 5.550e-04
5.17 -118.42 11.79 0.33 1.16 5.00 200 1000 1.0e+11 5.550e-04
5.22 -116.64 1.79 0.14 0.33 5.00 167 1000 1.0e+11 5.550e-04
5.25 -117.83 9.70 0.29 1.07 5.00 201 1000 1.0e+11 5.550e-04
5.35 -116.64 1.35 0.14 0.25 5.00 161 1000 1.0e+11 5.550e-04
5.37 -119.91 15.65 0.44 1.24 5.00 186 1000 1.0e+11 5.550e-04
5.41 -116.95 4.98 0.19 0.74 5.00 44 1000 1.0e+11 5.550e-04
5.42 -123.05 21.39 0.60 1.32 5.00 31 1000 1.0e+11 5.550e-04
5.44 -116.64 0.91 0.14 0.17 5.00 164 1000 1.0e+11 5.550e-04
5.45 -134.44 32.65 1.01 1.41 5.00 5 1000 1.0e+11 5.550e-04
5.50 -116.64 0.46 0.14 0.08 5.00 169 1000 1.0e+11 5.550e-04
5.52 -116.64 0.00 0.14 0.00 5.00 171 1000 1.0e+11 5.550e-04
5.65 -117.34 7.25 0.24 0.91 5.00 200 1000 1.0e+11 5.550e-04
5.75 -137.67 34.46 1.10 1.41 5.00 0 1000 1.0e+11 5.550e-04
5.80 -116.95 4.52 0.19 0.66 5.00 31 1000 1.0e+11 5.550e-04
5.87 -124.38 23.17 0.66 1.32 5.00 31 1000 1.0e+11 5.550e-04
5.91 -119.11 13.47 0.38 1.16 5.00 189 1000 1.0e+11 5.550e-04
5.97 -120.83 17.39 0.49 1.24 5.00 33 1000 1.0e+11 5.550e-04
6.03 -117.83 9.24 0.29 0.99 5.00 208 1000 1.0e+11 5.550e-04
6.13 -118.42 11.32 0.33 1.07 5.00 207 1000 1.0e+11 5.550e-04
6.16 -116.95 4.02 0.19 0.58 5.00 38 1000 1.0e+11 5.550e-04
6.23 -117.34 6.76 0.24 0.83 5.00 193 1000 1.0e+11 5.550e-04
6.32 -125.89 24.95 0.72 1.32 5.00 16 1000 1.0e+11 5.550e-04
6.47 -116.95 3.50 0.19 0.50 5.00 39 1000 1.0e+11 5.550e-04
6.57 -121.87 19.13 0.54 1.24 5.00 37 1000 1.0e+11 5.550e-04
6.65 -119.91 15.15 0.44 1.16 5.00 185 1000 1.0e+11 5.550e-04
6.74 -116.95 2.95 0.19 0.41 5.00 24 1000 1.0e+11 5.550e-04
6.76 -117.34 6.23 0.24 0.74 5.00 167 1000 1.0e+11 5.550e-04
6.77 -127.59 26.74 0.78 1.32 5.00 13 1000 1.0e+11 5.550e-04
6.78 -117.83 8.71 0.29 0.91 5.00 201 1000 1.0e+11 5.550e-04
6.96 -116.95 2.39 0.19 0.33 5.00 46 1000 1.0e+11 5.550e-04
7.00 -119.11 12.94 0.38 1.07 5.00 198 1000 1.0e+11 5.550e-04
7.04 -118.42 10.78 0.33 0.99 5.00 203 1000 1.0e+11 5.550e-04
7.13 -116.95 1.81 0.19 0.25 5.00 47 1000 1.0e+11 5.550e-04
7.16 -123.05 20.87 0.60 1.24 5.00 176 1000 1.0e+11 5.550e-04
7.22 -129.54 28.52 0.85 1.32 5.00 7 1000 1.0e+11 5.550e-04
7.25 -116.95 1.21 0.19 0.17 5.00 171 1000 1.0e+11 5.550e-04
7.25 -117.34 5.65 0.24 0.66 5.00 182 1000 1.0e+11 5.550e-04
7.33 -116.95 0.61 0.19 0.08 5.00 177 1000 1.0e+11 5.550e-04
7.35 -116.95 0.00 0.19 0.00 5.00 175 1000 1.0e+11 5.550e-04
7.39 -120.83 16.84 0.49 1.16 5.00 30 1000 1.0e+11 5.550e-04
7.47 -117.83 8.12 0.29 0.83 5.00 213 1000 1.0e+11 5.550e-04
7.67 -131.79 30.30 0.92 1.32 5.00 10 1000 1.0e+11 5.550e-04
7.70 -117.34 5.03 0.24 0.58 5.00 41 1000 1.0e+11 5.550e-04
7.76 -124.38 22.61 0.66 1.24 5.00 161 1000 1.0e+11 5.550e-04
7.88 -119.91 14.55 0.44 1.07 5.00 194 1000 1.0e+11 5.550e-04
7.91 -118.42 10.16 0.33 0.91 5.00 219 1000 1.0e+11 5.550e-04
8.05 -119.11 12.31 0.38 0.99 5.00 193 1000 1.0e+11 5.550e-04
8.09 -117.34 4.38 0.24 0.50 5.00 52 1000 1.0e+11 5.550e-04
8.12 -117.83 7.47 0.29 0.74 5.00 175 1000 1.0e+11 5.550e-04
8.12 -121.87 18.52 0.54 1.16 5.00 199 1000 1.0e+11 5.550e-04
8.12 -134.44 32.08 1.01 1.32 5.00 4 1000 1.0e+11 5.550e-04
8.36 -125.89 24.35 0.72 1.24 5.00 45 1000 1.0e+11 5.550e-04
8.42 -117.34 3.69 0.24 0.41 5.00 194 1000 1.0e+11 5.550e-04
8.58 -137.67 33.87 1.10 1.32 5.00 0 1000 1.0e+11 5.550e-04
8.70 -117.34 2.99 0.24 0.33 5.00 201 1000 1.0e+11 5.550e-04
8.71 -117.83 6.78 0.29 0.66 5.00 199 1000 1.0e+11 5.550e-04
8.72 -118.42 9.47 0.33 0.83 5.00 207 1000 1.0e+11 5.550e-04
8.75 -120.83 16.17 0.49 1.07 5.00 40 1000 1.0e+11 5.550e-04
8.86 -123.05 20.21 0.60 1.16 5.00 191 1000 1.0e+11 5.550e-04
8.91 -117.34 2.26 0.24 0.25 5.00 184 1000 1.0e+11 5.550e-04
8.96 -127.59 26.09 0.78 1.24 5.00 21 1000 1.0e+11 5.550e-04
9.03 -119.11 11.61 0.38 0.91 5.00 207 1000 1.0e+11 5.550e-04
9.05 -119.91 13.85 0.44 0.99 5.00 182 1000 1.0e+11 5.550e-04
9.07 -117.34 1.51 0.24 0.17 5.00 190 1000 1.0e+11 5.550e-04
9.16 -117.34 0.76 0.24 0.08 5.00 192 1000 1.0e+11 5.550e-04
9.19 -117.34 0.00 0.24 0.00 5.00 210 1000 1.0e+11 5.550e-04
9.24 -117.83 6.03 0.29 0.58 5.00 67 1000 1.0e+11 5.550e-04
9.47 -118.42 8.72 0.33 0.74 5.00 200 1000 1.0e+11 5.550e-04
9.55 -129.54 27.83 0.85 1.24 5.00 8 1000 1.0e+11 5.550e-04
9.60 -124.38 21.89 0.66 1.16 5.00 185 1000 1.0e+11 5.550e-04
9.63 -121.87 17.79 0.54 1.07 5.00 200 1000 1.0e+11 5.550e-04
9.70 -117.83 5.25 0.29 0.50 5.00 43 1000 1.0e+11 5.550e-04
9.96 -119.11 10.82 0.38 0.83 5.00 193 1000 1.0e+11 5.550e-04
