0.00 -101.25 0.00 0.00 0.00 20.00 182 1000 9.720e-04 1.0e+11
0.00 -101.31 2.54 0.05 1.57 20.00 185 1000 9.720e-04 1.0e+11
0.00 -101.49 5.08 0.09 1.57 20.00 175 1000 9.720e-04 1.0e+11
0.00 -101.79 7.63 0.14 1.57 20.00 171 1000 9.720e-04 1.0e+11
0.00 -102.21 10.17 0.19 1.57 20.00 0 1000 9.720e-04 1.0e+11
0.00 -102.76 12.71 0.24 1.57 20.00 0 1000 9.720e-04 1.0e+11
0.00 -103.44 15.25 0.29 1.57 20.00 0 1000 9.720e-04 1.0e+11
0.00 -104.25 17.80 0.33 1.57 20.00 0 1000 9.720e-04 1.0e+11
0.00 -105.21 20.34 0.38 1.57 20.00 0 1000 9.720e-04 1.0e+11
0.00 -106.32 22.88 0.44 1.57 20.00 0 1000 9.720e-04 1.0e+11
0.00 -107.58 25.42 0.49 1.57 20.00 0 1000 9.720e-04 1.0e+11
0.00 -109.02 27.97 0.54 1.57 20.00 183 1000 9.720e-04 1.0e+11
0.00 -110.65 30.51 0.60 1.57 20.00 189 1000 9.720e-04 1.0e+11
0.00 -112.49 33.05 0.66 1.57 20.00 184 1000 9.720e-04 1.0e+11
0.00 -114.57 35.59 0.72 1.57 20.00 197 1000 9.720e-04 1.0e+11
0.00 -116.93 38.13 0.78 1.57 20.00 167 1000 9.720e-04 1.0e+11
0.00 -119.63 40.68 0.85 1.57 20.00 0 1000 9.720e-04 1.0e+11
0.00 -122.74 43.22 0.92 1.57 20.00 0 1000 9.720e-04 1.0e+11
0.00 -126.41 45.76 1.01 1.57 20.00 0 1000 9.720e-04 1.0e+11
0.00 -130.87 48.30 1.10 1.57 20.00 0 1000 9.720e-04 1.0e+11
0.21 -101.31 2.53 0.05 1.49 20.00 185 1000 9.720e-04 1.0e+11
0.42 -101.31 2.51 0.05 1.41 20.00 185 1000 9.720e-04 1.0e+11
0.42 -101.49 5.07 0.09 1.49 20.00 173 1000 9.720e-04 1.0e+11
0.62 -101.31 2.46 0.05 1.32 20.00 185 1000 9.720e-04 1.0e+11
0.63 -101.79 7.60 0.14 1.49 20.00 172 1000 9.720e-04 1.0e+11
0.83 -101.31 2.40 0.05 1.24 20.00 184 1000 9.720e-04 1.0e+11
0.84 -101.49 5.02 0.09 1.41 20.00 172 1000 9.720e-04 1.0e+11
0.84 -102.21 10.13 0.19 1.49 20.00 0 1000 9.720e-04 1.0e+11
10.03 -102.21 1.67 0.19 0.17 20.00 168 1000 9.720e-04 1.0e+11
10.03 -102.76 7.81 0.24 0.66 20.00 150 1000 9.720e-04 1.0e+11
10.13 -102.21 0.84 0.19 0.08 20.00 161 1000 9.720e-04 1.0e+11
10.17 -102.21 0.00 0.19 0.00 20.00 159 1000 9.720e-04 1.0e+11
10.21 -107.58 23.28 0.49 1.16 20.00 0 1000 9.720e-04 1.0e+11
1.02 -101.31 2.33 0.05 1.16 20.00 184 1000 9.720e-04 1.0e+11
10.33 -103.44 11.22 0.29 0.83 20.00 165 1000 9.720e-04 1.0e+11
1.05 -102.76 12.67 0.24 1.49 20.00 0 1000 9.720e-04 1.0e+11
10.61 -122.74 41.90 0.92 1.32 20.00 0 1000 9.720e-04 1.0e+11
10.64 -102.76 6.95 0.24 0.58 20.00 0 1000 9.720e-04 1.0e+11
10.73 -112.49 31.26 0.66 1.24 20.00 166 1000 9.720e-04 1.0e+11
10.89 -106.32 20.12 0.44 1.07 20.00 187 1000 9.720e-04 1.0e+11
10.93 -104.25 14.04 0.33 0.91 20.00 181 1000 9.720e-04 1.0e+11
11.12 -105.21 17.03 0.38 0.99 20.00 174 1000 9.720e-04 1.0e+11
11.18 -102.76 6.05 0.24 0.50 20.00 0 1000 9.720e-04 1.0e+11
11.22 -103.44 10.33 0.29 0.74 20.00 168 1000 9.720e-04 1.0e+11
11.23 -109.02 25.61 0.54 1.16 20.00 179 1000 9.720e-04 1.0e+11
11.23 -126.41 44.36 1.01 1.32 20.00 0 1000 9.720e-04 1.0e+11
11.56 -114.57 33.66 0.72 1.24 20.00 162 1000 9.720e-04 1.0e+11
11.64 -102.76 5.11 0.24 0.41 20.00 149 1000 9.720e-04 1.0e+11
11.86 -130.87 46.83 1.10 1.32 20.00 0 1000 9.720e-04 1.0e+11
12.02 -102.76 4.13 0.24 0.33 20.00 146 1000 9.720e-04 1.0e+11
12.04 -103.44 9.37 0.29 0.66 20.00 153 1000 9.720e-04 1.0e+11
12.05 -104.25 13.09 0.33 0.83 20.00 168 1000 9.720e-04 1.0e+11
12.10 -107.58 22.36 0.49 1.07 20.00 0 1000 9.720e-04 1.0e+11
1.21 -101.31 2.24 0.05 1.07 20.00 184 1000 9.720e-04 1.0e+11
12.25 -110.65 27.94 0.60 1.16 20.00 196 1000 9.720e-04 1.0e+11
12.32 -102.76 3.12 0.24 0.25 20.00 168 1000 9.720e-04 1.0e+11
12.38 -116.93 36.07 0.78 1.24 20.00 0 1000 9.720e-04 1.0e+11
12.49 -105.21 16.05 0.38 0.91 20.00 175 1000 9.720e-04 1.0e+11
12.51 -106.32 19.15 0.44 0.99 20.00 177 1000 9.720e-04 1.0e+11
12.54 -102.76 2.09 0.24 0.17 20.00 185 1000 9.720e-04 1.0e+11
1.25 -101.49 4.93 0.09 1.32 20.00 172 1000 9.720e-04 1.0e+11
12.67 -102.76 1.05 0.24 0.08 20.00 174 1000 9.720e-04 1.0e+11
1.26 -101.79 7.52 0.14 1.41 20.00 174 1000 9.720e-04 1.0e+11
1.26 -103.44 15.20 0.29 1.49 20.00 168 1000 9.720e-04 1.0e+11
12.71 -102.76 0.00 0.24 0.00 20.00 172 1000 9.720e-04 1.0e+11
12.77 -103.44 8.34 0.29 0.58 20.00 1 1000 9.720e-04 1.0e+11
13.09 -104.25 12.05 0.33 0.74 20.00 170 1000 9.720e-04 1.0e+11
13.21 -119.63 38.47 0.85 1.24 20.00 0 1000 9.720e-04 1.0e+11
13.28 -112.49 30.27 0.66 1.16 20.00 178 1000 9.720e-04 1.0e+11
13.31 -109.02 24.59 0.54 1.07 20.00 192 1000 9.720e-04 1.0e+11
13.42 -103.44 7.26 0.29 0.50 20.00 0 1000 9.720e-04 1.0e+11
13.77 -105.21 14.96 0.38 0.83 20.00 179 1000 9.720e-04 1.0e+11
13.90 -107.58 21.28 0.49 0.99 20.00 0 1000 9.720e-04 1.0e+11
13.97 -103.44 6.13 0.29 0.41 20.00 166 1000 9.720e-04 1.0e+11
1.39 -101.31 2.13 0.05 0.99 20.00 184 1000 9.720e-04 1.0e+11
14.03 -122.74 40.88 0.92 1.24 20.00 0 1000 9.720e-04 1.0e+11
14.04 -104.25 10.93 0.33 0.66 20.00 165 1000 9.720e-04 1.0e+11
14.05 -106.32 18.06 0.44 0.91 20.00 153 1000 9.720e-04 1.0e+11
14.30 -114.57 32.59 0.72 1.16 20.00 187 1000 9.720e-04 1.0e+11
14.43 -103.44 4.95 0.29 0.33 20.00 146 1000 9.720e-04 1.0e+11
14.52 -110.65 26.83 0.60 1.07 20.00 193 1000 9.720e-04 1.0e+11
14.79 -103.44 3.74 0.29 0.25 20.00 169 1000 9.720e-04 1.0e+11
1.47 -104.25 17.74 0.33 1.49 20.00 165 1000 9.720e-04 1.0e+11
14.86 -126.41 43.28 1.01 1.24 20.00 0 1000 9.720e-04 1.0e+11
14.90 -104.25 9.73 0.33 0.58 20.00 0 1000 9.720e-04 1.0e+11
14.96 -105.21 13.77 0.38 0.74 20.00 142 1000 9.720e-04 1.0e+11
15.05 -103.44 2.51 0.29 0.17 20.00 172 1000 9.720e-04 1.0e+11
15.20 -103.44 1.26 0.29 0.08 20.00 176 1000 9.720e-04 1.0e+11
15.25 -103.44 0.00 0.29 0.00 20.00 176 1000 9.720e-04 1.0e+11
15.30 -109.02 23.41 0.54 0.99 20.00 188 1000 9.720e-04 1.0e+11
15.32 -116.93 34.92 0.78 1.16 20.00 0 1000 9.720e-04 1.0e+11
15.50 -106.32 16.83 0.44 0.83 20.00 155 1000 9.720e-04 1.0e+11
15.62 -107.58 20.06 0.49 0.91 20.00 0 1000 9.720e-04 1.0e+11
15.65 -104.25 8.47 0.33 0.50 20.00 0 1000 9.720e-04 1.0e+11
15.68 -130.87 45.69 1.10 1.24 20.00 0 1000 9.720e-04 1.0e+11
1.56 -101.31 2.01 0.05 0.91 20.00 184 1000 9.720e-04 1.0e+11
15.73 -112.49 29.07 0.66 1.07 20.00 184 1000 9.720e-04 1.0e+11
16.05 -105.21 12.49 0.38 0.66 20.00 0 1000 9.720e-04 1.0e+11
16.30 -104.25 7.15 0.33 0.41 20.00 168 1000 9.720e-04 1.0e+11
16.34 -119.63 37.25 0.85 1.16 20.00 0 1000 9.720e-04 1.0e+11
1.65 -101.49 4.81 0.09 1.24 20.00 173 1000 9.720e-04 1.0e+11
16.69 -110.65 25.54 0.60 0.99 20.00 189 1000 9.720e-04 1.0e+11
1.67 -102.21 10.03 0.19 1.41 20.00 0 1000 9.720e-04 1.0e+11
16.83 -104.25 5.78 0.33 0.33 20.00 174 1000 9.720e-04 1.0e+11
16.83 -106.32 15.50 0.44 0.74 20.00 0 1000 9.720e-04 1.0e+11
1.68 -105.21 20.27 0.38 1.49 20.00 0 1000 9.720e-04 1.0e+11
16.94 -114.57 31.30 0.72 1.07 20.00 193 1000 9.720e-04 1.0e+11
17.03 -105.21 11.12 0.38 0.58 20.00 0 1000 9.720e-04 1.0e+11
17.18 -109.02 22.07 0.54 0.91 20.00 158 1000 9.720e-04 1.0e+11
17.22 -107.58 18.70 0.49 0.83 20.00 0 1000 9.720e-04 1.0e+11
17.25 -104.25 4.37 0.33 0.25 20.00 180 1000 9.720e-04 1.0e+11
1.72 -101.31 1.87 0.05 0.83 20.00 184 1000 9.720e-04 1.0e+11
17.36 -122.74 39.58 0.92 1.16 20.00 0 1000 9.720e-04 1.0e+11
17.55 -104.25 2.93 0.33 0.17 20.00 181 1000 9.720e-04 1.0e+11
17.74 -104.25 1.47 0.33 0.08 20.00 183 1000 9.720e-04 1.0e+11
17.80 -104.25 0.00 0.33 0.00 20.00 186 1000 9.720e-04 1.0e+11
17.89 -105.21 9.68 0.38 0.50 20.00 0 1000 9.720e-04 1.0e+11
18.06 -106.32 14.05 0.44 0.66 20.00 0 1000 9.720e-04 1.0e+11
18.08 -112.49 27.67 0.66 0.99 20.00 180 1000 9.720e-04 1.0e+11
18.15 -116.93 33.54 0.78 1.07 20.00 2 1000 9.720e-04 1.0e+11
18.38 -126.41 41.91 1.01 1.16 20.00 0 1000 9.720e-04 1.0e+11
18.63 -105.21 8.17 0.38 0.41 20.00 0 1000 9.720e-04 1.0e+11
18.70 -107.58 17.22 0.49 0.74 20.00 0 1000 9.720e-04 1.0e+11
18.74 -110.65 24.07 0.60 0.91 20.00 184 1000 9.720e-04 1.0e+11
1.87 -101.31 1.72 0.05 0.74 20.00 184 1000 9.720e-04 1.0e+11
1.87 -101.79 7.39 0.14 1.32 20.00 175 1000 9.720e-04 1.0e+11
18.94 -109.02 20.57 0.54 0.83 20.00 0 1000 9.720e-04 1.0e+11
1.89 -106.32 22.80 0.44 1.49 20.00 0 1000 9.720e-04 1.0e+11
19.15 -106.32 12.51 0.44 0.58 20.00 0 1000 9.720e-04 1.0e+11
19.24 -105.21 6.60 0.38 0.33 20.00 151 1000 9.720e-04 1.0e+11
19.36 -119.63 35.77 0.85 1.07 20.00 0 1000 9.720e-04 1.0e+11
19.40 -130.87 44.24 1.10 1.16 20.00 0 1000 9.720e-04 1.0e+11
19.47 -114.57 29.80 0.72 0.99 20.00 194 1000 9.720e-04 1.0e+11
19.72 -105.21 4.99 0.38 0.25 20.00 170 1000 9.720e-04 1.0e+11
20.06 -105.21 3.35 0.38 0.17 20.00 166 1000 9.720e-04 1.0e+11
20.06 -107.58 15.62 0.49 0.66 20.00 0 1000 9.720e-04 1.0e+11
20.12 -106.32 10.89 0.44 0.50 20.00 0 1000 9.720e-04 1.0e+11
2.01 -101.31 1.56 0.05 0.66 20.00 189 1000 9.720e-04 1.0e+11
20.27 -105.21 1.68 0.38 0.08 20.00 169 1000 9.720e-04 1.0e+11
20.30 -112.49 26.08 0.66 0.91 20.00 172 1000 9.720e-04 1.0e+11
20.34 -105.21 0.00 0.38 0.00 20.00 173 1000 9.720e-04 1.0e+11
2.04 -101.49 4.66 0.09 1.16 20.00 176 1000 9.720e-04 1.0e+11
20.57 -109.02 18.94 0.54 0.74 20.00 0 1000 9.720e-04 1.0e+11
20.57 -122.74 38.01 0.92 1.07 20.00 0 1000 9.720e-04 1.0e+11
20.66 -110.65 22.45 0.60 0.83 20.00 155 1000 9.720e-04 1.0e+11
20.86 -116.93 31.92 0.78 0.99 20.00 0 1000 9.720e-04 1.0e+11
20.95 -106.32 9.19 0.44 0.41 20.00 0 1000 9.720e-04 1.0e+11
2.09 -102.76 12.54 0.24 1.41 20.00 156 1000 9.720e-04 1.0e+11
2.10 -107.58 25.34 0.49 1.49 20.00 0 1000 9.720e-04 1.0e+11
21.28 -107.58 13.90 0.49 0.58 20.00 0 1000 9.720e-04 1.0e+11
2.13 -101.31 1.39 0.05 0.58 20.00 189 1000 9.720e-04 1.0e+11
21.64 -106.32 7.43 0.44 0.33 20.00 0 1000 9.720e-04 1.0e+11
21.78 -126.41 40.25 1.01 1.07 20.00 0 1000 9.720e-04 1.0e+11
21.86 -114.57 28.09 0.72 0.91 20.00 192 1000 9.720e-04 1.0e+11
22.07 -109.02 17.18 0.54 0.66 20.00 161 1000 9.720e-04 1.0e+11
22.18 -106.32 5.62 0.44 0.25 20.00 0 1000 9.720e-04 1.0e+11
22.25 -119.63 34.05 0.85 0.99 20.00 0 1000 9.720e-04 1.0e+11
22.36 -107.58 12.10 0.49 0.50 20.00 0 1000 9.720e-04 1.0e+11
22.38 -112.49 24.32 0.66 0.83 20.00 149 1000 9.720e-04 1.0e+11
22.45 -110.65 20.66 0.60 0.74 20.00 151 1000 9.720e-04 1.0e+11
2.24 -101.31 1.21 0.05 0.50 20.00 189 1000 9.720e-04 1.0e+11
22.57 -106.32 3.77 0.44 0.17 20.00 157 1000 9.720e-04 1.0e+11
22.80 -106.32 1.89 0.44 0.08 20.00 158 1000 9.720e-04 1.0e+11
22.88 -106.32 0.00 0.44 0.00 20.00 186 1000 9.720e-04 1.0e+11
22.99 -130.87 42.48 1.10 1.07 20.00 0 1000 9.720e-04 1.0e+11
2.31 -109.02 27.87 0.54 1.49 20.00 195 1000 9.720e-04 1.0e+11
23.28 -107.58 10.21 0.49 0.41 20.00 0 1000 9.720e-04 1.0e+11
2.33 -101.31 1.02 0.05 0.41 20.00 189 1000 9.720e-04 1.0e+11
23.41 -109.02 15.30 0.54 0.58 20.00 170 1000 9.720e-04 1.0e+11
23.42 -116.93 30.09 0.78 0.91 20.00 0 1000 9.720e-04 1.0e+11
23.64 -122.74 36.18 0.92 0.99 20.00 0 1000 9.720e-04 1.0e+11
24.05 -107.58 8.25 0.49 0.33 20.00 0 1000 9.720e-04 1.0e+11
24.07 -110.65 18.74 0.60 0.66 20.00 178 1000 9.720e-04 1.0e+11
2.40 -101.31 0.83 0.05 0.33 20.00 189 1000 9.720e-04 1.0e+11
24.11 -114.57 26.19 0.72 0.83 20.00 0 1000 9.720e-04 1.0e+11
2.42 -101.49 4.47 0.09 1.07 20.00 176 1000 9.720e-04 1.0e+11
24.32 -112.49 22.38 0.66 0.74 20.00 153 1000 9.720e-04 1.0e+11
24.59 -109.02 13.31 0.54 0.50 20.00 169 1000 9.720e-04 1.0e+11
24.64 -107.58 6.24 0.49 0.25 20.00 0 1000 9.720e-04 1.0e+11
2.46 -101.31 0.62 0.05 0.25 20.00 189 1000 9.720e-04 1.0e+11
2.48 -101.79 7.21 0.14 1.24 20.00 174 1000 9.720e-04 1.0e+11
24.98 -119.63 32.10 0.85 0.91 20.00 0 1000 9.720e-04 1.0e+11
25.03 -126.41 38.31 1.01 0.99 20.00 0 1000 9.720e-04 1.0e+11
25.08 -107.58 4.18 0.49 0.17 20.00 0 1000 9.720e-04 1.0e+11
2.50 -102.21 9.86 0.19 1.32 20.00 0 1000 9.720e-04 1.0e+11
2.51 -101.31 0.42 0.05 0.17 20.00 189 1000 9.720e-04 1.0e+11
2.51 -103.44 15.05 0.29 1.41 20.00 166 1000 9.720e-04 1.0e+11
2.52 -110.65 30.40 0.60 1.49 20.00 184 1000 9.720e-04 1.0e+11
25.34 -107.58 2.10 0.49 0.08 20.00 0 1000 9.720e-04 1.0e+11
2.53 -101.31 0.21 0.05 0.08 20.00 191 1000 9.720e-04 1.0e+11
25.42 -107.58 0.00 0.49 0.00 20.00 0 1000 9.720e-04 1.0e+11
2.54 -101.31 0.00 0.05 0.00 20.00 191 1000 9.720e-04 1.0e+11
25.54 -110.65 16.69 0.60 0.58 20.00 191 1000 9.720e-04 1.0e+11
25.61 -109.02 11.23 0.54 0.41 20.00 184 1000 9.720e-04 1.0e+11
25.83 -116.93 28.06 0.78 0.83 20.00 0 1000 9.720e-04 1.0e+11
26.08 -112.49 20.30 0.66 0.66 20.00 170 1000 9.720e-04 1.0e+11
26.19 -114.57 24.11 0.72 0.74 20.00 0 1000 9.720e-04 1.0e+11
26.42 -130.87 40.44 1.10 0.99 20.00 0 1000 9.720e-04 1.0e+11
26.45 -109.02 9.08 0.54 0.33 20.00 0 1000 9.720e-04 1.0e+11
26.55 -122.74 34.11 0.92 0.91 20.00 0 1000 9.720e-04 1.0e+11
26.83 -110.65 14.52 0.60 0.50 20.00 193 1000 9.720e-04 1.0e+11
27.11 -109.02 6.87 0.54 0.25 20.00 0 1000 9.720e-04 1.0e+11
2.73 -112.49 32.94 0.66 1.49 20.00 183 1000 9.720e-04 1.0e+11
27.55 -119.63 29.93 0.85 0.83 20.00 0 1000 9.720e-04 1.0e+11
27.58 -109.02 4.60 0.54 0.17 20.00 141 1000 9.720e-04 1.0e+11
27.67 -112.49 18.08 0.66 0.58 20.00 176 1000 9.720e-04 1.0e+11
27.87 -109.02 2.31 0.54 0.08 20.00 181 1000 9.720e-04 1.0e+11
2.78 -101.49 4.26 0.09 0.99 20.00 176 1000 9.720e-04 1.0e+11
27.94 -110.65 12.25 0.60 0.41 20.00 186 1000 9.720e-04 1.0e+11
27.97 -109.02 0.00 0.54 0.00 20.00 185 1000 9.720e-04 1.0e+11
28.06 -116.93 25.83 0.78 0.74 20.00 0 1000 9.720e-04 1.0e+11
28.09 -114.57 21.86 0.72 0.66 20.00 192 1000 9.720e-04 1.0e+11
28.11 -126.41 36.11 1.01 0.91 20.00 0 1000 9.720e-04 1.0e+11
28.85 -110.65 9.91 0.60 0.33 20.00 162 1000 9.720e-04 1.0e+11
29.07 -112.49 15.73 0.66 0.50 20.00 183 1000 9.720e-04 1.0e+11
29.27 -122.74 31.80 0.92 0.83 20.00 0 1000 9.720e-04 1.0e+11
2.93 -104.25 17.55 0.33 1.41 20.00 150 1000 9.720e-04 1.0e+11
2.94 -114.57 35.47 0.72 1.49 20.00 190 1000 9.720e-04 1.0e+11
29.57 -110.65 7.49 0.60 0.25 20.00 0 1000 9.720e-04 1.0e+11
29.67 -130.87 38.12 1.10 0.91 20.00 0 1000 9.720e-04 1.0e+11
29.80 -114.57 19.47 0.72 0.58 20.00 195 1000 9.720e-04 1.0e+11
29.93 -119.63 27.55 0.85 0.74 20.00 0 1000 9.720e-04 1.0e+11
30.09 -110.65 5.02 0.60 0.17 20.00 184 1000 9.720e-04 1.0e+11
30.09 -116.93 23.42 0.78 0.66 20.00 0 1000 9.720e-04 1.0e+11
30.27 -112.49 13.28 0.66 0.41 20.00 186 1000 9.720e-04 1.0e+11
30.40 -110.65 2.52 0.60 0.08 20.00 187 1000 9.720e-04 1.0e+11
30.51 -110.65 0.00 0.60 0.00 20.00 193 1000 9.720e-04 1.0e+11
3.06 -101.79 6.98 0.14 1.16 20.00 174 1000 9.720e-04 1.0e+11
30.99 -126.41 33.67 1.01 0.83 20.00 0 1000 9.720e-04 1.0e+11
31.26 -112.49 10.73 0.66 0.33 20.00 176 1000 9.720e-04 1.0e+11
3.12 -101.49 4.01 0.09 0.91 20.00 179 1000 9.720e-04 1.0e+11
3.12 -102.76 12.32 0.24 1.32 20.00 177 1000 9.720e-04 1.0e+11
31.30 -114.57 16.94 0.72 0.50 20.00 200 1000 9.720e-04 1.0e+11
3.15 -116.93 38.00 0.78 1.49 20.00 0 1000 9.720e-04 1.0e+11
31.80 -122.74 29.27 0.92 0.74 20.00 0 1000 9.720e-04 1.0e+11
31.92 -116.93 20.86 0.78 0.58 20.00 0 1000 9.720e-04 1.0e+11
32.04 -112.49 8.11 0.66 0.25 20.00 0 1000 9.720e-04 1.0e+11
32.10 -119.63 24.98 0.85 0.66 20.00 0 1000 9.720e-04 1.0e+11
32.59 -114.57 14.30 0.72 0.41 20.00 186 1000 9.720e-04 1.0e+11
32.60 -112.49 5.44 0.66 0.17 20.00 178 1000 9.720e-04 1.0e+11
32.72 -130.87 35.54 1.10 0.83 20.00 0 1000 9.720e-04 1.0e+11
32.94 -112.49 2.73 0.66 0.08 20.00 183 1000 9.720e-04 1.0e+11
33.05 -112.49 0.00 0.66 0.00 20.00 184 1000 9.720e-04 1.0e+11
3.30 -102.21 9.62 0.19 1.24 20.00 157 1000 9.720e-04 1.0e+11
33.54 -116.93 18.15 0.78 0.50 20.00 2 1000 9.720e-04 1.0e+11
3.35 -105.21 20.06 0.38 1.41 20.00 146 1000 9.720e-04 1.0e+11
33.66 -114.57 11.56 0.72 0.33 20.00 155 1000 9.720e-04 1.0e+11
33.67 -126.41 30.99 1.01 0.74 20.00 0 1000 9.720e-04 1.0e+11
3.36 -119.63 40.54 0.85 1.49 20.00 0 1000 9.720e-04 1.0e+11
34.05 -119.63 22.25 0.85 0.58 20.00 0 1000 9.720e-04 1.0e+11
34.11 -122.74 26.55 0.92 0.66 20.00 0 1000 9.720e-04 1.0e+11
3.44 -101.49 3.74 0.09 0.83 20.00 179 1000 9.720e-04 1.0e+11
34.50 -114.57 8.74 0.72 0.25 20.00 0 1000 9.720e-04 1.0e+11
34.92 -116.93 15.32 0.78 0.41 20.00 0 1000 9.720e-04 1.0e+11
35.11 -114.57 5.86 0.72 0.17 20.00 164 1000 9.720e-04 1.0e+11
35.47 -114.57 2.94 0.72 0.08 20.00 196 1000 9.720e-04 1.0e+11
35.54 -130.87 32.72 1.10 0.74 20.00 0 1000 9.720e-04 1.0e+11
35.59 -114.57 0.00 0.72 0.00 20.00 200 1000 9.720e-04 1.0e+11
35.77 -119.63 19.36 0.85 0.50 20.00 0 1000 9.720e-04 1.0e+11
3.57 -122.74 43.07 0.92 1.49 20.00 0 1000 9.720e-04 1.0e+11
36.07 -116.93 12.38 0.78 0.33 20.00 0 1000 9.720e-04 1.0e+11
36.11 -126.41 28.11 1.01 0.66 20.00 0 1000 9.720e-04 1.0e+11
36.18 -122.74 23.64 0.92 0.58 20.00 0 1000 9.720e-04 1.0e+11
3.63 -101.79 6.71 0.14 1.07 20.00 168 1000 9.720e-04 1.0e+11
36.97 -116.93 9.36 0.78 0.25 20.00 0 1000 9.720e-04 1.0e+11
37.25 -119.63 16.34 0.85 0.41 20.00 0 1000 9.720e-04 1.0e+11
3.74 -101.49 3.44 0.09 0.74 20.00 175 1000 9.720e-04 1.0e+11
3.74 -103.44 14.79 0.29 1.32 20.00 162 1000 9.720e-04 1.0e+11
37.61 -116.93 6.28 0.78 0.17 20.00 0 1000 9.720e-04 1.0e+11
3.77 -106.32 22.57 0.44 1.41 20.00 0 1000 9.720e-04 1.0e+11
3.78 -126.41 45.60 1.01 1.49 20.00 0 1000 9.720e-04 1.0e+11
38.00 -116.93 3.15 0.78 0.08 20.00 0 1000 9.720e-04 1.0e+11
38.01 -122.74 20.57 0.92 0.50 20.00 0 1000 9.720e-04 1.0e+11
38.12 -130.87 29.67 1.10 0.66 20.00 0 1000 9.720e-04 1.0e+11
38.13 -116.93 0.00 0.78 0.00 20.00 164 1000 9.720e-04 1.0e+11
38.31 -126.41 25.03 1.01 0.58 20.00 0 1000 9.720e-04 1.0e+11
38.47 -119.63 13.21 0.85 0.33 20.00 0 1000 9.720e-04 1.0e+11
39.43 -119.63 9.99 0.85 0.25 20.00 0 1000 9.720e-04 1.0e+11
39.58 -122.74 17.36 0.92 0.41 20.00 0 1000 9.720e-04 1.0e+11
3.99 -130.87 48.14 1.10 1.49 20.00 0 1000 9.720e-04 1.0e+11
40.12 -119.63 6.70 0.85 0.17 20.00 0 1000 9.720e-04 1.0e+11
4.01 -101.49 3.12 0.09 0.66 20.00 175 1000 9.720e-04 1.0e+11
40.25 -126.41 21.78 1.01 0.50 20.00 0 1000 9.720e-04 1.0e+11
40.44 -130.87 26.42 1.10 0.58 20.00 0 1000 9.720e-04 1.0e+11
40.54 -119.63 3.36 0.85 0.08 20.00 0 1000 9.720e-04 1.0e+11
40.68 -119.63 0.00 0.85 0.00 20.00 0 1000 9.720e-04 1.0e+11
40.88 -122.74 14.03 0.92 0.33 20.00 0 1000 9.720e-04 1.0e+11
4.08 -102.21 9.31 0.19 1.16 20.00 159 1000 9.720e-04 1.0e+11
4.13 -102.76 12.02 0.24 1.24 20.00 170 1000 9.720e-04 1.0e+11
4.17 -101.79 6.38 0.14 0.99 20.00 174 1000 9.720e-04 1.0e+11
4.18 -107.58 25.08 0.49 1.41 20.00 0 1000 9.720e-04 1.0e+11
41.90 -122.74 10.61 0.92 0.25 20.00 0 1000 9.720e-04 1.0e+11
41.91 -126.41 18.38 1.01 0.41 20.00 0 1000 9.720e-04 1.0e+11
42.48 -130.87 22.99 1.10 0.50 20.00 0 1000 9.720e-04 1.0e+11
42.63 -122.74 7.11 0.92 0.17 20.00 0 1000 9.720e-04 1.0e+11
4.26 -101.49 2.78 0.09 0.58 20.00 176 1000 9.720e-04 1.0e+11
43.07 -122.74 3.57 0.92 0.08 20.00 0 1000 9.720e-04 1.0e+11
43.22 -122.74 0.00 0.92 0.00 20.00 0 1000 9.720e-04 1.0e+11
43.28 -126.41 14.86 1.01 0.33 20.00 0 1000 9.720e-04 1.0e+11
4.37 -104.25 17.25 0.33 1.32 20.00 169 1000 9.720e-04 1.0e+11
44.24 -130.87 19.40 1.10 0.41 20.00 1 1000 9.720e-04 1.0e+11
44.36 -126.41 11.23 1.01 0.25 20.00 0 1000 9.720e-04 1.0e+11
4.47 -101.49 2.42 0.09 0.50 20.00 179 1000 9.720e-04 1.0e+11
45.14 -126.41 7.53 1.01 0.17 20.00 0 1000 9.720e-04 1.0e+11
45.60 -126.41 3.78 1.01 0.08 20.00 0 1000 9.720e-04 1.0e+11
45.69 -130.87 15.68 1.10 0.33 20.00 0 1000 9.720e-04 1.0e+11
45.76 -126.41 0.00 1.01 0.00 20.00 0 1000 9.720e-04 1.0e+11
4.60 -109.02 27.58 0.54 1.41 20.00 144 1000 9.720e-04 1.0e+11
4.66 -101.49 2.04 0.09 0.41 20.00 180 1000 9.720e-04 1.0e+11
46.83 -130.87 11.86 1.10 0.25 20.00 0 1000 9.720e-04 1.0e+11
4.68 -101.79 6.02 0.14 0.91 20.00 173 1000 9.720e-04 1.0e+11
47.64 -130.87 7.95 1.10 0.17 20.00 0 1000 9.720e-04 1.0e+11
48.14 -130.87 3.99 1.10 0.08 20.00 0 1000 9.720e-04 1.0e+11
4.81 -101.49 1.65 0.09 0.33 20.00 175 1000 9.720e-04 1.0e+11
48.30 -130.87 0.00 1.10 0.00 20.00 0 1000 9.720e-04 1.0e+11
4.84 -102.21 8.94 0.19 1.07 20.00 156 1000 9.720e-04 1.0e+11
4.93 -101.49 1.25 0.09 0.25 20.00 181 1000 9.720e-04 1.0e+11
4.95 -103.44 14.43 0.29 1.24 20.00 165 1000 9.720e-04 1.0e+11
4.99 -105.21 19.72 0.38 1.32 20.00 154 1000 9.720e-04 1.0e+11
5.02 -101.49 0.84 0.09 0.17 20.00 181 1000 9.720e-04 1.0e+11
5.02 -110.65 30.09 0.60 1.41 20.00 181 1000 9.720e-04 1.0e+11
5.07 -101.49 0.42 0.09 0.08 20.00 181 1000 9.720e-04 1.0e+11
5.08 -101.49 0.00 0.09 0.00 20.00 183 1000 9.720e-04 1.0e+11
5.11 -102.76 11.64 0.24 1.16 20.00 176 1000 9.720e-04 1.0e+11
5.17 -101.79 5.61 0.14 0.83 20.00 174 1000 9.720e-04 1.0e+11
5.44 -112.49 32.60 0.66 1.41 20.00 173 1000 9.720e-04 1.0e+11
5.56 -102.21 8.51 0.19 0.99 20.00 156 1000 9.720e-04 1.0e+11
5.61 -101.79 5.17 0.14 0.74 20.00 170 1000 9.720e-04 1.0e+11
5.62 -106.32 22.18 0.44 1.32 20.00 0 1000 9.720e-04 1.0e+11
5.78 -104.25 16.83 0.33 1.24 20.00 176 1000 9.720e-04 1.0e+11
5.86 -114.57 35.11 0.72 1.41 20.00 154 1000 9.720e-04 1.0e+11
6.02 -101.79 4.68 0.14 0.66 20.00 173 1000 9.720e-04 1.0e+11
6.05 -102.76 11.18 0.24 1.07 20.00 172 1000 9.720e-04 1.0e+11
6.13 -103.44 13.97 0.29 1.16 20.00 173 1000 9.720e-04 1.0e+11
6.24 -107.58 24.64 0.49 1.32 20.00 0 1000 9.720e-04 1.0e+11
6.25 -102.21 8.02 0.19 0.91 20.00 160 1000 9.720e-04 1.0e+11
6.28 -116.93 37.61 0.78 1.41 20.00 0 1000 9.720e-04 1.0e+11
6.38 -101.79 4.17 0.14 0.58 20.00 173 1000 9.720e-04 1.0e+11
6.60 -105.21 19.24 0.38 1.24 20.00 167 1000 9.720e-04 1.0e+11
6.70 -119.63 40.12 0.85 1.41 20.00 0 1000 9.720e-04 1.0e+11
6.71 -101.79 3.63 0.14 0.50 20.00 167 1000 9.720e-04 1.0e+11
6.87 -109.02 27.11 0.54 1.32 20.00 0 1000 9.720e-04 1.0e+11
6.89 -102.21 7.48 0.19 0.83 20.00 2 1000 9.720e-04 1.0e+11
6.95 -102.76 10.64 0.24 0.99 20.00 172 1000 9.720e-04 1.0e+11
6.98 -101.79 3.06 0.14 0.41 20.00 173 1000 9.720e-04 1.0e+11
7.11 -122.74 42.63 0.92 1.41 20.00 0 1000 9.720e-04 1.0e+11
7.15 -104.25 16.30 0.33 1.16 20.00 182 1000 9.720e-04 1.0e+11
7.21 -101.79 2.48 0.14 0.33 20.00 173 1000 9.720e-04 1.0e+11
7.26 -103.44 13.42 0.29 1.07 20.00 176 1000 9.720e-04 1.0e+11
7.39 -101.79 1.87 0.14 0.25 20.00 173 1000 9.720e-04 1.0e+11
7.43 -106.32 21.64 0.44 1.24 20.00 152 1000 9.720e-04 1.0e+11
7.48 -102.21 6.89 0.19 0.74 20.00 0 1000 9.720e-04 1.0e+11
7.49 -110.65 29.57 0.60 1.32 20.00 0 1000 9.720e-04 1.0e+11
7.52 -101.79 1.26 0.14 0.17 20.00 173 1000 9.720e-04 1.0e+11
7.53 -126.41 45.14 1.01 1.41 20.00 0 1000 9.720e-04 1.0e+11
7.60 -101.79 0.63 0.14 0.08 20.00 167 1000 9.720e-04 1.0e+11
7.63 -101.79 0.00 0.14 0.00 20.00 167 1000 9.720e-04 1.0e+11
7.81 -102.76 10.03 0.24 0.91 20.00 168 1000 9.720e-04 1.0e+11
7.95 -130.87 47.64 1.10 1.41 20.00 0 1000 9.720e-04 1.0e+11
8.02 -102.21 6.25 0.19 0.66 20.00 0 1000 9.720e-04 1.0e+11
8.11 -112.49 32.04 0.66 1.32 20.00 0 1000 9.720e-04 1.0e+11
8.17 -105.21 18.63 0.38 1.16 20.00 168 1000 9.720e-04 1.0e+11
8.25 -107.58 24.05 0.49 1.24 20.00 0 1000 9.720e-04 1.0e+11
8.34 -103.44 12.77 0.29 0.99 20.00 178 1000 9.720e-04 1.0e+11
8.47 -104.25 15.65 0.33 1.07 20.00 186 1000 9.720e-04 1.0e+11
8.51 -102.21 5.56 0.19 0.58 20.00 0 1000 9.720e-04 1.0e+11
8.61 -102.76 9.35 0.24 0.83 20.00 169 1000 9.720e-04 1.0e+11
8.74 -114.57 34.50 0.72 1.32 20.00 0 1000 9.720e-04 1.0e+11
8.94 -102.21 4.84 0.19 0.50 20.00 0 1000 9.720e-04 1.0e+11
9.08 -109.02 26.45 0.54 1.24 20.00 0 1000 9.720e-04 1.0e+11
9.19 -106.32 20.95 0.44 1.16 20.00 166 1000 9.720e-04 1.0e+11
9.31 -102.21 4.08 0.19 0.41 20.00 0 1000 9.720e-04 1.0e+11
9.35 -102.76 8.61 0.24 0.74 20.00 160 1000 9.720e-04 1.0e+11
9.36 -116.93 36.97 0.78 1.32 20.00 0 1000 9.720e-04 1.0e+11
9.37 -103.44 12.04 0.29 0.91 20.00 177 1000 9.720e-04 1.0e+11
9.62 -102.21 3.30 0.19 0.33 20.00 0 1000 9.720e-04 1.0e+11
9.68 -105.21 17.89 0.38 1.07 20.00 173 1000 9.720e-04 1.0e+11
9.73 -104.25 14.90 0.33 0.99 20.00 183 1000 9.720e-04 1.0e+11
9.86 -102.21 2.50 0.19 0.25 20.00 1 1000 9.720e-04 1.0e+11
9.91 -110.65 28.85 0.60 1.24 20.00 162 1000 9.720e-04 1.0e+11
9.99 -119.63 39.43 0.85 1.32 20.00 0 1000 9.720e-04 1.0e+11
