0.00 -116.25 0.00 0.00 0.00 5.00 298 1000
-0.04 -116.30 2.06 0.05 1.59 5.00 297 1000
-0.04 -116.30 -2.06 0.05 4.69 5.00 295 1000
-0.08 -116.47 4.13 0.11 1.59 5.00 286 1000
-0.08 -116.47 -4.13 0.11 4.69 5.00 289 1000
0.12 -116.30 2.06 0.05 1.51 5.00 277 1000
0.12 -116.30 -2.06 0.05 4.77 5.00 295 1000
-0.12 -116.74 6.19 0.16 1.59 5.00 0 1000
-0.12 -116.74 -6.19 0.16 4.69 5.00 0 1000
-0.16 -117.13 8.25 0.21 1.59 5.00 12 1000
-0.16 -117.13 -8.25 0.21 4.69 5.00 14 1000
-0.20 -116.30 2.05 0.05 1.67 5.00 301 1000
-0.20 -116.30 -2.05 0.05 4.61 5.00 310 1000
-0.21 -117.63 10.31 0.27 1.59 5.00 14 1000
-0.21 -117.63 -10.31 0.27 4.69 5.00 14 1000
0.25 -116.47 4.12 0.11 1.51 5.00 292 1000
0.25 -116.47 -4.12 0.11 4.77 5.00 292 1000
-0.25 -118.26 12.38 0.32 1.59 5.00 0 1000
-0.25 -118.26 -12.38 0.32 4.69 5.00 0 1000
0.29 -116.30 2.04 0.05 1.43 5.00 311 1000
0.29 -116.30 -2.04 0.05 4.85 5.00 314 1000
-0.29 -119.01 14.44 0.38 1.59 5.00 14 1000
-0.29 -119.01 -14.44 0.38 4.69 5.00 15 1000
-0.33 -119.89 16.50 0.43 1.59 5.00 0 1000
-0.33 -119.89 -16.50 0.43 4.69 5.00 0 1000
-0.37 -116.30 2.03 0.05 1.75 5.00 299 1000
-0.37 -116.30 -2.03 0.05 4.53 5.00 303 1000
0.37 -116.74 6.18 0.16 1.51 5.00 0 1000
0.37 -116.74 -6.18 0.16 4.77 5.00 0 1000
-0.37 -120.93 18.56 0.49 1.59 5.00 8 1000
-0.37 -120.93 -18.56 0.49 4.69 5.00 8 1000
-0.41 -116.47 4.11 0.11 1.67 5.00 280 1000
-0.41 -116.47 -4.11 0.11 4.61 5.00 294 1000
-0.41 -122.12 20.63 0.55 1.59 5.00 304 1000
-0.41 -122.12 -20.63 0.55 4.69 5.00 301 1000
0.45 -116.30 2.01 0.05 1.35 5.00 297 1000
0.45 -116.30 -2.01 0.05 4.93 5.00 293 1000
-0.45 -123.49 22.69 0.62 1.59 5.00 308 1000
-0.45 -123.49 -22.69 0.62 4.69 5.00 308 1000
0.49 -117.13 8.24 0.21 1.51 5.00 11 1000
0.49 -117.13 -8.24 0.21 4.77 5.00 11 1000
-0.49 -125.06 24.75 0.68 1.59 5.00 305 1000
-0.49 -125.06 -24.75 0.68 4.69 5.00 311 1000
-0.53 -116.30 1.99 0.05 1.83 5.00 306 1000
-0.53 -116.30 -1.99 0.05 4.45 5.00 307 1000
-0.53 -126.86 26.82 0.75 1.59 5.00 263 1000
-0.53 -126.86 -26.82 0.75 4.69 5.00 256 1000
0.57 -116.47 4.09 0.11 1.43 5.00 297 1000
0.57 -116.47 -4.09 0.11 4.85 5.00 290 1000
-0.57 -128.95 28.88 0.83 1.59 5.00 10 1000
-0.57 -128.95 -28.88 0.83 4.69 5.00 6 1000
0.61 -116.30 1.97 0.05 1.27 5.00 279 1000
0.61 -116.30 -1.97 0.05 5.01 5.00 303 1000
-0.61 -116.74 6.16 0.16 1.67 5.00 0 1000
-0.61 -116.74 -6.16 0.16 4.61 5.00 0 1000
0.61 -117.63 10.30 0.27 1.51 5.00 5 1000
0.61 -117.63 -10.30 0.27 4.77 5.00 3 1000
-0.62 -131.39 30.94 0.91 1.59 5.00 1 1000
-0.62 -131.39 -30.94 0.91 4.69 5.00 0 1000
-0.66 -134.31 33.00 1.00 1.59 5.00 9 1000
-0.66 -134.31 -33.00 1.00 4.69 5.00 5 1000
-0.68 -116.30 1.95 0.05 1.91 5.00 300 1000
-0.68 -116.30 -1.95 0.05 4.37 5.00 289 1000
-0.70 -137.94 35.07 1.11 1.59 5.00 0 1000
-0.70 -137.94 -35.07 1.11 4.69 5.00 0 1000
-0.73 -116.47 4.06 0.11 1.75 5.00 284 1000
-0.73 -116.47 -4.06 0.11 4.53 5.00 302 1000
0.74 -118.26 12.36 0.32 1.51 5.00 8 1000
0.74 -118.26 -12.36 0.32 4.77 5.00 14 1000
-0.74 -142.90 37.13 1.24 1.59 5.00 0 1000
-0.74 -142.90 -37.13 1.24 4.69 5.00 0 1000
0.76 -116.30 1.92 0.05 1.19 5.00 308 1000
0.76 -116.30 -1.92 0.05 5.09 5.00 296 1000
-0.78 -155.45 39.19 1.57 1.59 5.00 1 1000
-0.78 -155.45 -39.19 1.57 4.69 5.00 0 1000
-0.82 -117.13 8.21 0.21 1.67 5.00 10 1000
-0.82 -117.13 -8.21 0.21 4.61 5.00 5 1000
-0.84 -116.30 1.89 0.05 1.99 5.00 290 1000
-0.84 -116.30 -1.89 0.05 4.29 5.00 298 1000
0.86 -116.74 6.13 0.16 1.43 5.00 12 1000
0.86 -116.74 -6.13 0.16 4.85 5.00 16 1000
0.86 -119.01 14.42 0.38 1.51 5.00 14 1000
0.86 -119.01 -14.42 0.38 4.77 5.00 14 1000
0.90 -116.47 4.03 0.11 1.35 5.00 291 1000
0.90 -116.47 -4.03 0.11 4.93 5.00 303 1000
0.91 -116.30 1.85 0.05 1.11 5.00 309 1000
0.91 -116.30 -1.85 0.05 5.17 5.00 308 1000
-0.98 -116.30 1.81 0.05 2.07 5.00 316 1000
-0.98 -116.30 -1.81 0.05 4.22 5.00 306 1000
0.98 -119.89 16.48 0.43 1.51 5.00 18 1000
0.98 -119.89 -16.48 0.43 4.77 5.00 19 1000
10.02 -117.63 2.44 0.27 0.24 5.00 286 1000
10.02 -117.63 -2.44 0.27 6.04 5.00 291 1000
10.02 -123.49 20.36 0.62 1.11 5.00 296 1000
10.02 -123.49 -20.36 0.62 5.17 5.00 296 1000
-10.02 -155.45 37.90 1.57 1.83 5.00 0 1000
-10.02 -155.45 -37.90 1.57 4.45 5.00 0 1000
-10.04 -125.06 22.63 0.68 1.99 5.00 298 1000
-10.04 -125.06 -22.63 0.68 4.29 5.00 297 1000
-10.07 -119.89 13.08 0.43 2.23 5.00 323 1000
-10.07 -119.89 -13.08 0.43 4.06 5.00 311 1000
-10.11 -117.63 2.04 0.27 2.94 5.00 286 1000
-10.11 -117.63 -2.04 0.27 3.34 5.00 282 1000
10.11 -119.01 10.31 0.38 0.80 5.00 314 1000
10.11 -119.01 -10.31 0.38 5.49 5.00 317 1000
-10.12 -120.93 15.57 0.49 2.15 5.00 0 1000
-10.12 -120.93 -15.57 0.49 4.14 5.00 0 1000
10.19 -117.63 1.63 0.27 0.16 5.00 312 1000
10.19 -117.63 -1.63 0.27 6.12 5.00 309 1000
-10.24 -117.63 1.23 0.27 3.02 5.00 315 1000
-10.24 -117.63 -1.23 0.27 3.26 5.00 300 1000
-10.24 -118.26 6.95 0.32 2.55 5.00 288 1000
-10.24 -118.26 -6.95 0.32 3.74 5.00 268 1000
-10.26 -131.39 29.20 0.91 1.91 5.00 0 1000
-10.26 -131.39 -29.20 0.91 4.37 5.00 0 1000
10.28 -117.63 0.82 0.27 0.08 5.00 300 1000
10.28 -117.63 -0.82 0.27 6.20 5.00 303 1000
-1.02 -117.63 10.26 0.27 1.67 5.00 289 1000
-1.02 -117.63 -10.26 0.27 4.61 5.00 286 1000
-10.31 -117.63 0.41 0.27 3.10 5.00 293 1000
-10.31 -117.63 -0.41 0.27 3.18 5.00 293 1000
10.31 -137.94 33.53 1.11 1.27 5.00 0 1000
10.31 -137.94 -33.53 1.11 5.01 5.00 0 1000
10.32 -117.63 0.00 0.27 0.00 5.00 298 1000
10.32 -117.63 -0.00 0.27 6.28 5.00 298 1000
10.51 -118.26 6.54 0.32 0.56 5.00 1 1000
10.51 -118.26 -6.54 0.32 5.73 5.00 2 1000
-10.51 -119.01 9.90 0.38 2.39 5.00 285 1000
-10.51 -119.01 -9.90 0.38 3.90 5.00 303 1000
10.55 -122.12 17.73 0.55 1.03 5.00 291 1000
10.55 -122.12 -17.73 0.55 5.25 5.00 294 1000
10.58 -119.89 12.67 0.43 0.87 5.00 341 1000
10.58 -119.89 -12.67 0.43 5.41 5.00 341 1000
-1.05 -116.47 3.99 0.11 1.83 5.00 292 1000
-1.05 -116.47 -3.99 0.11 4.45 5.00 273 1000
10.65 -128.95 26.85 0.83 1.19 5.00 4 1000
10.65 -128.95 -26.85 0.83 5.09 5.00 10 1000
1.06 -116.30 1.77 0.05 1.03 5.00 325 1000
1.06 -116.30 -1.77 0.05 5.25 5.00 302 1000
10.73 -120.93 15.15 0.49 0.95 5.00 0 1000
10.73 -120.93 -15.15 0.49 5.33 5.00 0 1000
-10.76 -118.26 6.12 0.32 2.62 5.00 0 1000
-10.76 -118.26 -6.12 0.32 3.66 5.00 0 1000
-10.82 -123.49 19.95 0.62 2.07 5.00 315 1000
-10.82 -123.49 -19.95 0.62 4.22 5.00 313 1000
-10.88 -126.86 24.52 0.75 1.99 5.00 282 1000
-10.88 -126.86 -24.52 0.75 4.29 5.00 279 1000
10.90 -119.01 9.48 0.38 0.72 5.00 253 1000
10.90 -119.01 -9.48 0.38 5.57 5.00 255 1000
10.91 -142.90 35.50 1.24 1.27 5.00 0 1000
10.91 -142.90 -35.50 1.24 5.01 5.00 0 1000
10.93 -125.06 22.21 0.68 1.11 5.00 296 1000
10.93 -125.06 -22.21 0.68 5.17 5.00 293 1000
-10.95 -134.31 31.14 1.00 1.91 5.00 4 1000
-10.95 -134.31 -31.14 1.00 4.37 5.00 6 1000
11.00 -118.26 5.69 0.32 0.48 5.00 2 1000
11.00 -118.26 -5.69 0.32 5.81 5.00 0 1000
-11.08 -119.89 12.24 0.43 2.31 5.00 298 1000
-11.08 -119.89 -12.24 0.43 3.98 5.00 287 1000
-1.10 -116.74 6.09 0.16 1.75 5.00 12 1000
-1.10 -116.74 -6.09 0.16 4.53 5.00 14 1000
1.11 -120.93 18.54 0.49 1.51 5.00 0 1000
1.11 -120.93 -18.54 0.49 4.77 5.00 1 1000
-11.21 -118.26 5.24 0.32 2.70 5.00 260 1000
-11.21 -118.26 -5.24 0.32 3.58 5.00 262 1000
-11.25 -122.12 17.30 0.55 2.15 5.00 297 1000
-11.25 -122.12 -17.30 0.55 4.14 5.00 293 1000
-11.27 -119.01 9.04 0.38 2.47 5.00 325 1000
-11.27 -119.01 -9.04 0.38 3.82 5.00 330 1000
-1.12 -116.30 1.73 0.05 2.15 5.00 294 1000
-1.12 -116.30 -1.73 0.05 4.14 5.00 312 1000
-11.33 -120.93 14.71 0.49 2.23 5.00 0 1000
-11.33 -120.93 -14.71 0.49 4.06 5.00 0 1000
11.41 -118.26 4.79 0.32 0.40 5.00 321 1000
11.41 -118.26 -4.79 0.32 5.89 5.00 343 1000
11.42 -131.39 28.77 0.91 1.19 5.00 1 1000
11.42 -131.39 -28.77 0.91 5.09 5.00 0 1000
1.14 -117.13 8.17 0.21 1.43 5.00 10 1000
1.14 -117.13 -8.17 0.21 4.85 5.00 6 1000
11.52 -155.45 37.47 1.57 1.27 5.00 0 1000
11.52 -155.45 -37.47 1.57 5.01 5.00 0 1000
11.55 -119.89 11.79 0.43 0.80 5.00 0 1000
11.55 -119.89 -11.79 0.43 5.49 5.00 0 1000
-11.59 -118.26 4.34 0.32 2.78 5.00 277 1000
-11.59 -118.26 -4.34 0.32 3.50 5.00 276 1000
11.61 -123.49 19.50 0.62 1.03 5.00 315 1000
11.61 -123.49 -19.50 0.62 5.25 5.00 321 1000
11.62 -119.01 8.58 0.38 0.64 5.00 0 1000
11.62 -119.01 -8.58 0.38 5.65 5.00 0 1000
-11.63 -137.94 33.09 1.11 1.91 5.00 0 1000
-11.63 -137.94 -33.09 1.11 4.37 5.00 0 1000
-11.71 -128.95 26.40 0.83 1.99 5.00 5 1000
-11.71 -128.95 -26.40 0.83 4.29 5.00 5 1000
11.76 -118.26 3.87 0.32 0.32 5.00 289 1000
11.76 -118.26 -3.87 0.32 5.97 5.00 286 1000
-11.81 -125.06 21.76 0.68 2.07 5.00 312 1000
-11.81 -125.06 -21.76 0.68 4.22 5.00 305 1000
11.84 -126.86 24.06 0.75 1.11 5.00 281 1000
11.84 -126.86 -24.06 0.75 5.17 5.00 284 1000
-11.90 -118.26 3.40 0.32 2.86 5.00 285 1000
-11.90 -118.26 -3.40 0.32 3.42 5.00 284 1000
11.90 -120.93 14.25 0.49 0.87 5.00 2 1000
11.90 -120.93 -14.25 0.49 5.41 5.00 0 1000
11.93 -122.12 16.83 0.55 0.95 5.00 326 1000
11.93 -122.12 -16.83 0.55 5.33 5.00 323 1000
-11.95 -119.01 8.11 0.38 2.55 5.00 0 1000
-11.95 -119.01 -8.11 0.38 3.74 5.00 0 1000
1.19 -116.30 1.68 0.05 0.95 5.00 302 1000
1.19 -116.30 -1.68 0.05 5.33 5.00 304 1000
-12.01 -119.89 11.32 0.43 2.39 5.00 1 1000
-12.01 -119.89 -11.32 0.43 3.90 5.00 0 1000
12.03 -118.26 2.93 0.32 0.24 5.00 289 1000
12.03 -118.26 -2.93 0.32 6.04 5.00 286 1000
-12.14 -118.26 2.45 0.32 2.94 5.00 293 1000
-12.14 -118.26 -2.45 0.32 3.34 5.00 291 1000
12.18 -134.31 30.68 1.00 1.19 5.00 7 1000
12.18 -134.31 -30.68 1.00 5.09 5.00 7 1000
1.21 -116.47 3.94 0.11 1.27 5.00 285 1000
1.21 -116.47 -3.94 0.11 5.01 5.00 294 1000
12.22 -118.26 1.96 0.32 0.16 5.00 294 1000
12.22 -118.26 -1.96 0.32 6.12 5.00 309 1000
12.26 -119.01 7.63 0.38 0.56 5.00 1 1000
12.26 -119.01 -7.63 0.38 5.73 5.00 0 1000
-12.29 -118.26 1.47 0.32 3.02 5.00 291 1000
-12.29 -118.26 -1.47 0.32 3.26 5.00 301 1000
-12.32 -142.90 35.04 1.24 1.91 5.00 0 1000
-12.32 -142.90 -35.04 1.24 4.37 5.00 0 1000
12.34 -118.26 0.98 0.32 0.08 5.00 320 1000
12.34 -118.26 -0.98 0.32 6.20 5.00 318 1000
-12.37 -118.26 0.49 0.32 3.10 5.00 311 1000
-12.37 -118.26 -0.49 0.32 3.18 5.00 320 1000
-12.37 -123.49 19.03 0.62 2.15 5.00 317 1000
-12.37 -123.49 -19.03 0.62 4.14 5.00 317 1000
12.38 -118.26 0.00 0.32 0.00 5.00 307 1000
12.38 -118.26 -0.00 0.32 6.28 5.00 307 1000
-1.23 -118.26 12.32 0.32 1.67 5.00 346 1000
-1.23 -118.26 -12.32 0.32 4.61 5.00 338 1000
1.23 -122.12 20.59 0.55 1.51 5.00 289 1000
1.23 -122.12 -20.59 0.55 4.77 5.00 286 1000
12.45 -119.89 10.83 0.43 0.72 5.00 2 1000
12.45 -119.89 -10.83 0.43 5.57 5.00 0 1000
-12.46 -120.93 13.77 0.49 2.31 5.00 0 1000
-12.46 -120.93 -13.77 0.49 3.98 5.00 2 1000
-12.55 -119.01 7.14 0.38 2.62 5.00 10 1000
-12.55 -119.01 -7.14 0.38 3.66 5.00 9 1000
-12.55 -131.39 28.29 0.91 1.99 5.00 0 1000
-12.55 -131.39 -28.29 0.91 4.29 5.00 0 1000
-12.59 -122.12 16.35 0.55 2.23 5.00 277 1000
-12.59 -122.12 -16.35 0.55 4.06 5.00 293 1000
12.66 -125.06 21.27 0.68 1.03 5.00 303 1000
12.66 -125.06 -21.27 0.68 5.25 5.00 298 1000
-1.26 -116.30 1.63 0.05 2.23 5.00 308 1000
-1.26 -116.30 -1.63 0.05 4.06 5.00 318 1000
12.75 -128.95 25.92 0.83 1.11 5.00 7 1000
12.75 -128.95 -25.92 0.83 5.17 5.00 5 1000
-12.79 -126.86 23.58 0.75 2.07 5.00 282 1000
-12.79 -126.86 -23.58 0.75 4.22 5.00 262 1000
12.83 -119.01 6.63 0.38 0.48 5.00 12 1000
12.83 -119.01 -6.63 0.38 5.81 5.00 12 1000
-12.88 -119.89 10.33 0.43 2.47 5.00 1 1000
-12.88 -119.89 -10.33 0.43 3.82 5.00 0 1000
12.94 -137.94 32.60 1.11 1.19 5.00 0 1000
12.94 -137.94 -32.60 1.11 5.09 5.00 0 1000
13.00 -120.93 13.26 0.49 0.80 5.00 1 1000
13.00 -120.93 -13.26 0.49 5.49 5.00 1 1000
-13.00 -155.45 36.98 1.57 1.91 5.00 1 1000
-13.00 -155.45 -36.98 1.57 4.37 5.00 2 1000
-13.08 -119.01 6.12 0.38 2.70 5.00 9 1000
-13.08 -119.01 -6.12 0.38 3.58 5.00 11 1000
13.12 -123.49 18.52 0.62 0.95 5.00 337 1000
13.12 -123.49 -18.52 0.62 5.33 5.00 310 1000
13.23 -122.12 15.83 0.55 0.87 5.00 249 1000
13.23 -122.12 -15.83 0.55 5.41 5.00 271 1000
13.28 -119.89 9.81 0.43 0.64 5.00 0 1000
13.28 -119.89 -9.81 0.43 5.65 5.00 0 1000
1.32 -116.30 1.58 0.05 0.87 5.00 292 1000
1.32 -116.30 -1.58 0.05 5.41 5.00 312 1000
13.32 -119.01 5.59 0.38 0.40 5.00 7 1000
13.32 -119.01 -5.59 0.38 5.89 5.00 5 1000
-13.39 -134.31 30.17 1.00 1.99 5.00 9 1000
-13.39 -134.31 -30.17 1.00 4.29 5.00 10 1000
1.34 -116.74 6.04 0.16 1.35 5.00 9 1000
1.34 -116.74 -6.04 0.16 4.93 5.00 10 1000
-13.50 -125.06 20.75 0.68 2.15 5.00 321 1000
-13.50 -125.06 -20.75 0.68 4.14 5.00 321 1000
-13.52 -120.93 12.73 0.49 2.39 5.00 0 1000
-13.52 -120.93 -12.73 0.49 3.90 5.00 0 1000
-13.53 -119.01 5.06 0.38 2.78 5.00 274 1000
-13.53 -119.01 -5.06 0.38 3.50 5.00 268 1000
1.35 -123.49 22.65 0.62 1.51 5.00 315 1000
1.35 -123.49 -22.65 0.62 4.77 5.00 309 1000
-13.65 -119.89 9.27 0.43 2.55 5.00 1 1000
-13.65 -119.89 -9.27 0.43 3.74 5.00 1 1000
13.66 -131.39 27.77 0.91 1.11 5.00 0 1000
13.66 -131.39 -27.77 0.91 5.17 5.00 1 1000
13.70 -142.90 34.52 1.24 1.19 5.00 0 1000
13.70 -142.90 -34.52 1.24 5.09 5.00 0 1000
13.72 -119.01 4.52 0.38 0.32 5.00 272 1000
13.72 -119.01 -4.52 0.38 5.97 5.00 274 1000
13.72 -126.86 23.05 0.75 1.03 5.00 274 1000
13.72 -126.86 -23.05 0.75 5.25 5.00 282 1000
-13.77 -128.95 25.39 0.83 2.07 5.00 10 1000
-13.77 -128.95 -25.39 0.83 4.22 5.00 5 1000
-1.37 -116.47 3.89 0.11 1.91 5.00 287 1000
-1.37 -116.47 -3.89 0.11 4.37 5.00 282 1000
-13.85 -122.12 15.30 0.55 2.31 5.00 9 1000
-13.85 -122.12 -15.30 0.55 3.98 5.00 9 1000
-13.85 -123.49 17.98 0.62 2.23 5.00 303 1000
-13.85 -123.49 -17.98 0.62 4.06 5.00 298 1000
-13.89 -119.01 3.97 0.38 2.86 5.00 294 1000
-13.89 -119.01 -3.97 0.38 3.42 5.00 273 1000
-1.38 -116.30 1.53 0.05 2.31 5.00 302 1000
-1.38 -116.30 -1.53 0.05 3.98 5.00 290 1000
14.01 -119.89 8.72 0.43 0.56 5.00 0 1000
14.01 -119.89 -8.72 0.43 5.73 5.00 2 1000
14.01 -120.93 12.19 0.49 0.72 5.00 1 1000
14.01 -120.93 -12.19 0.49 5.57 5.00 0 1000
14.03 -119.01 3.41 0.38 0.24 5.00 283 1000
14.03 -119.01 -3.41 0.38 6.04 5.00 283 1000
-14.16 -119.01 2.85 0.38 2.94 5.00 266 1000
-14.16 -119.01 -2.85 0.38 3.34 5.00 273 1000
-14.22 -137.94 32.06 1.11 1.99 5.00 0 1000
-14.22 -137.94 -32.06 1.11 4.29 5.00 0 1000
14.26 -119.01 2.29 0.38 0.16 5.00 306 1000
14.26 -119.01 -2.29 0.38 6.12 5.00 291 1000
14.31 -125.06 20.20 0.68 0.95 5.00 307 1000
14.31 -125.06 -20.20 0.68 5.33 5.00 302 1000
-14.34 -119.01 1.72 0.38 3.02 5.00 302 1000
-14.34 -119.01 -1.72 0.38 3.26 5.00 302 1000
-14.35 -119.89 8.16 0.43 2.62 5.00 1 1000
-14.35 -119.89 -8.16 0.43 3.66 5.00 1 1000
1.43 -117.63 10.22 0.27 1.43 5.00 265 1000
1.43 -117.63 -10.22 0.27 4.85 5.00 247 1000
-1.43 -119.01 14.37 0.38 1.67 5.00 1 1000
-1.43 -119.01 -14.37 0.38 4.61 5.00 0 1000
14.40 -119.01 1.15 0.38 0.08 5.00 285 1000
14.40 -119.01 -1.15 0.38 6.20 5.00 280 1000
-14.43 -119.01 0.57 0.38 3.10 5.00 282 1000
-14.43 -119.01 -0.57 0.38 3.18 5.00 303 1000
14.44 -119.01 0.00 0.38 0.00 5.00 294 1000
14.44 -119.01 -0.00 0.38 6.28 5.00 294 1000
14.44 -122.12 14.73 0.55 0.80 5.00 1 1000
14.44 -122.12 -14.73 0.55 5.49 5.00 0 1000
14.46 -155.45 36.44 1.57 1.19 5.00 0 1000
14.46 -155.45 -36.44 1.57 5.09 5.00 0 1000
-14.48 -120.93 11.62 0.49 2.47 5.00 0 1000
-14.48 -120.93 -11.62 0.49 3.82 5.00 2 1000
1.44 -116.30 1.47 0.05 0.80 5.00 313 1000
1.44 -116.30 -1.47 0.05 5.49 5.00 291 1000
14.55 -123.49 17.42 0.62 0.87 5.00 303 1000
14.55 -123.49 -17.42 0.62 5.41 5.00 298 1000
14.58 -134.31 29.62 1.00 1.11 5.00 10 1000
14.58 -134.31 -29.62 1.00 5.17 5.00 9 1000
-14.62 -126.86 22.48 0.75 2.15 5.00 264 1000
-14.62 -126.86 -22.48 0.75 4.14 5.00 277 1000
14.66 -119.89 7.58 0.43 0.48 5.00 10 1000
14.66 -119.89 -7.58 0.43 5.81 5.00 15 1000
-14.76 -131.39 27.20 0.91 2.07 5.00 1 1000
-14.76 -131.39 -27.20 0.91 4.22 5.00 1 1000
14.77 -128.95 24.82 0.83 1.03 5.00 10 1000
14.77 -128.95 -24.82 0.83 5.25 5.00 5 1000
-1.47 -117.13 8.12 0.21 1.75 5.00 288 1000
-1.47 -117.13 -8.12 0.21 4.53 5.00 285 1000
1.48 -125.06 24.71 0.68 1.51 5.00 305 1000
1.48 -125.06 -24.71 0.68 4.77 5.00 312 1000
14.93 -120.93 11.03 0.49 0.64 5.00 0 1000
14.93 -120.93 -11.03 0.49 5.65 5.00 0 1000
-14.95 -119.89 6.99 0.43 2.70 5.00 9 1000
-14.95 -119.89 -6.99 0.43 3.58 5.00 12 1000
-15.02 -122.12 14.15 0.55 2.39 5.00 1 1000
-15.02 -122.12 -14.15 0.55 3.90 5.00 0 1000
-15.06 -142.90 33.95 1.24 1.99 5.00 0 1000
-15.06 -142.90 -33.95 1.24 4.29 5.00 0 1000
-1.50 -116.30 1.41 0.05 2.39 5.00 285 1000
-1.50 -116.30 -1.41 0.05 3.90 5.00 289 1000
-15.10 -125.06 19.62 0.68 2.23 5.00 311 1000
-15.10 -125.06 -19.62 0.68 4.06 5.00 319 1000
15.22 -119.89 6.39 0.43 0.40 5.00 0 1000
15.22 -119.89 -6.39 0.43 5.89 5.00 0 1000
-15.23 -123.49 16.83 0.62 2.31 5.00 280 1000
-15.23 -123.49 -16.83 0.62 3.98 5.00 279 1000
1.52 -116.47 3.84 0.11 1.19 5.00 297 1000
1.52 -116.47 -3.84 0.11 5.09 5.00 272 1000
-15.36 -120.93 10.43 0.49 2.55 5.00 0 1000
-15.36 -120.93 -10.43 0.49 3.74 5.00 0 1000
-15.46 -119.89 5.78 0.43 2.78 5.00 0 1000
-15.46 -119.89 -5.78 0.43 3.50 5.00 1 1000
15.49 -137.94 31.47 1.11 1.11 5.00 0 1000
15.49 -137.94 -31.47 1.11 5.17 5.00 0 1000
15.51 -126.86 21.89 0.75 0.95 5.00 274 1000
15.51 -126.86 -21.89 0.75 5.33 5.00 279 1000
15.57 -122.12 13.54 0.55 0.72 5.00 353 1000
15.57 -122.12 -13.54 0.55 5.57 5.00 333 1000
15.68 -119.89 5.16 0.43 0.32 5.00 0 1000
15.68 -119.89 -5.16 0.43 5.97 5.00 0 1000
1.56 -116.30 1.35 0.05 0.72 5.00 294 1000
1.56 -116.30 -1.35 0.05 5.57 5.00 287 1000
-15.74 -134.31 29.02 1.00 2.07 5.00 8 1000
-15.74 -134.31 -29.02 1.00 4.22 5.00 7 1000
-15.75 -128.95 24.21 0.83 2.15 5.00 9 1000
-15.75 -128.95 -24.21 0.83 4.14 5.00 6 1000
15.76 -120.93 9.81 0.49 0.56 5.00 9 1000
15.76 -120.93 -9.81 0.49 5.73 5.00 10 1000
15.83 -131.39 26.59 0.91 1.03 5.00 0 1000
15.83 -131.39 -26.59 0.91 5.25 5.00 0 1000
-15.87 -119.89 4.54 0.43 2.86 5.00 0 1000
-15.87 -119.89 -4.54 0.43 3.42 5.00 0 1000
15.87 -125.06 19.00 0.68 0.87 5.00 305 1000
15.87 -125.06 -19.00 0.68 5.41 5.00 313 1000
15.89 -123.49 16.21 0.62 0.80 5.00 0 1000
15.89 -123.49 -16.21 0.62 5.49 5.00 0 1000
-1.58 -116.74 5.98 0.16 1.83 5.00 12 1000
-1.58 -116.74 -5.98 0.16 4.45 5.00 15 1000
-15.90 -155.45 35.83 1.57 1.99 5.00 2 1000
-15.90 -155.45 -35.83 1.57 4.29 5.00 0 1000
16.04 -119.89 3.90 0.43 0.24 5.00 0 1000
16.04 -119.89 -3.90 0.43 6.04 5.00 0 1000
-16.09 -122.12 12.91 0.55 2.47 5.00 294 1000
-16.09 -122.12 -12.91 0.55 3.82 5.00 287 1000
1.60 -126.86 26.77 0.75 1.51 5.00 290 1000
1.60 -126.86 -26.77 0.75 4.77 5.00 284 1000
-16.14 -120.93 9.18 0.49 2.62 5.00 11 1000
-16.14 -120.93 -9.18 0.49 3.66 5.00 7 1000
-16.18 -119.89 3.26 0.43 2.94 5.00 350 1000
-16.18 -119.89 -3.26 0.43 3.34 5.00 359 1000
-1.61 -116.30 1.29 0.05 2.47 5.00 327 1000
-1.61 -116.30 -1.29 0.05 3.82 5.00 317 1000
16.30 -119.89 2.61 0.43 0.16 5.00 274 1000
16.30 -119.89 -2.61 0.43 6.12 5.00 251 1000
-16.36 -126.86 21.25 0.75 2.23 5.00 269 1000
-16.36 -126.86 -21.25 0.75 4.06 5.00 273 1000
-16.39 -119.89 1.96 0.43 3.02 5.00 329 1000
-16.39 -119.89 -1.96 0.43 3.26 5.00 334 1000
16.40 -142.90 33.32 1.24 1.11 5.00 0 1000
16.40 -142.90 -33.32 1.24 5.17 5.00 0 1000
16.45 -119.89 1.31 0.43 0.08 5.00 231 1000
16.45 -119.89 -1.31 0.43 6.20 5.00 262 1000
-16.49 -119.89 0.66 0.43 3.10 5.00 269 1000
-16.49 -119.89 -0.66 0.43 3.18 5.00 263 1000
16.49 -120.93 8.53 0.49 0.48 5.00 8 1000
16.49 -120.93 -8.53 0.49 5.81 5.00 10 1000
-1.64 -119.89 16.42 0.43 1.67 5.00 8 1000
-1.64 -119.89 -16.42 0.43 4.61 5.00 8 1000
16.51 -119.89 0.00 0.43 0.00 5.00 298 1000
16.51 -119.89 -0.00 0.43 6.28 5.00 298 1000
-16.52 -123.49 15.56 0.62 2.39 5.00 272 1000
-16.52 -123.49 -15.56 0.62 3.90 5.00 254 1000
16.59 -122.12 12.26 0.55 0.64 5.00 296 1000
16.59 -122.12 -12.26 0.55 5.65 5.00 305 1000
-16.61 -125.06 18.35 0.68 2.31 5.00 260 1000
-16.61 -125.06 -18.35 0.68 3.98 5.00 256 1000
1.66 -116.30 1.23 0.05 0.64 5.00 321 1000
1.66 -116.30 -1.23 0.05 5.65 5.00 282 1000
16.70 -128.95 23.57 0.83 0.95 5.00 11 1000
16.70 -128.95 -23.57 0.83 5.33 5.00 9 1000
-16.73 -137.94 30.83 1.11 2.07 5.00 0 1000
-16.73 -137.94 -30.83 1.11 4.22 5.00 0 1000
-1.67 -116.47 3.77 0.11 1.99 5.00 285 1000
-1.67 -116.47 -3.77 0.11 4.29 5.00 302 1000
-16.82 -120.93 7.87 0.49 2.70 5.00 0 1000
-16.82 -120.93 -7.87 0.49 3.58 5.00 1 1000
-16.87 -131.39 25.94 0.91 2.15 5.00 1 1000
-16.87 -131.39 -25.94 0.91 4.14 5.00 0 1000
16.88 -134.31 28.37 1.00 1.03 5.00 8 1000
16.88 -134.31 -28.37 1.00 5.25 5.00 3 1000
-17.07 -122.12 11.59 0.55 2.55 5.00 301 1000
-17.07 -122.12 -11.59 0.55 3.74 5.00 319 1000
17.12 -120.93 7.19 0.49 0.40 5.00 9 1000
17.12 -120.93 -7.19 0.49 5.89 5.00 12 1000
17.12 -123.49 14.89 0.62 0.72 5.00 317 1000
17.12 -123.49 -14.89 0.62 5.57 5.00 317 1000
17.19 -126.86 20.58 0.75 0.87 5.00 2 1000
17.19 -126.86 -20.58 0.75 5.41 5.00 0 1000
-1.71 -116.30 1.16 0.05 2.55 5.00 292 1000
-1.71 -116.30 -1.16 0.05 3.74 5.00 299 1000
1.72 -118.26 12.26 0.32 1.43 5.00 348 1000
1.72 -118.26 -12.26 0.32 4.85 5.00 311 1000
1.72 -128.95 28.83 0.83 1.51 5.00 4 1000
1.72 -128.95 -28.83 0.83 4.77 5.00 4 1000
17.31 -155.45 35.17 1.57 1.11 5.00 0 1000
17.31 -155.45 -35.17 1.57 5.17 5.00 0 1000
17.33 -125.06 17.68 0.68 0.80 5.00 1 1000
17.33 -125.06 -17.68 0.68 5.49 5.00 1 1000
-17.39 -120.93 6.50 0.49 2.78 5.00 1 1000
-17.39 -120.93 -6.50 0.49 3.50 5.00 0 1000
17.52 -122.12 10.90 0.55 0.56 5.00 283 1000
17.52 -122.12 -10.90 0.55 5.73 5.00 301 1000
1.75 -116.30 1.09 0.05 0.56 5.00 300 1000
1.75 -116.30 -1.09 0.05 5.73 5.00 304 1000
-17.62 -128.95 22.89 0.83 2.23 5.00 5 1000
-17.62 -128.95 -22.89 0.83 4.06 5.00 9 1000
17.64 -120.93 5.81 0.49 0.32 5.00 1 1000
17.64 -120.93 -5.81 0.49 5.97 5.00 0 1000
-17.70 -123.49 14.20 0.62 2.47 5.00 288 1000
-17.70 -123.49 -14.20 0.62 3.82 5.00 311 1000
-17.71 -142.90 32.64 1.24 2.07 5.00 0 1000
-17.71 -142.90 -32.64 1.24 4.22 5.00 0 1000
-17.85 -120.93 5.10 0.49 2.86 5.00 1 1000
-17.85 -120.93 -5.10 0.49 3.42 5.00 0 1000
17.89 -131.39 25.25 0.91 0.95 5.00 2 1000
17.89 -131.39 -25.25 0.91 5.33 5.00 0 1000
-17.94 -122.12 10.20 0.55 2.62 5.00 302 1000
-17.94 -122.12 -10.20 0.55 3.66 5.00 278 1000
17.94 -137.94 30.14 1.11 1.03 5.00 0 1000
17.94 -137.94 -30.14 1.11 5.25 5.00 0 1000
-1.79 -116.30 1.02 0.05 2.62 5.00 278 1000
-1.79 -116.30 -1.02 0.05 3.66 5.00 324 1000
1.79 -117.13 8.06 0.21 1.35 5.00 269 1000
1.79 -117.13 -8.06 0.21 4.93 5.00 262 1000
-18.00 -126.86 19.88 0.75 2.31 5.00 3 1000
-18.00 -126.86 -19.88 0.75 3.98 5.00 0 1000
-18.00 -134.31 27.67 1.00 2.15 5.00 10 1000
-18.00 -134.31 -27.67 1.00 4.14 5.00 7 1000
-18.02 -125.06 16.98 0.68 2.39 5.00 0 1000
-18.02 -125.06 -16.98 0.68 3.90 5.00 0 1000
18.04 -120.93 4.39 0.49 0.24 5.00 0 1000
18.04 -120.93 -4.39 0.49 6.04 5.00 1 1000
-18.20 -120.93 3.67 0.49 2.94 5.00 0 1000
-18.20 -120.93 -3.67 0.49 3.34 5.00 0 1000
18.25 -123.49 13.49 0.62 0.64 5.00 309 1000
18.25 -123.49 -13.49 0.62 5.65 5.00 312 1000
1.82 -116.47 3.70 0.11 1.11 5.00 299 1000
1.82 -116.47 -3.70 0.11 5.17 5.00 281 1000
1.82 -116.74 5.92 0.16 1.27 5.00 14 1000
1.82 -116.74 -5.92 0.16 5.01 5.00 16 1000
18.33 -120.93 2.94 0.49 0.16 5.00 0 1000
18.33 -120.93 -2.94 0.49 6.12 5.00 1 1000
18.33 -122.12 9.48 0.55 0.48 5.00 312 1000
18.33 -122.12 -9.48 0.55 5.81 5.00 288 1000
1.83 -116.30 0.95 0.05 0.48 5.00 304 1000
1.83 -116.30 -0.95 0.05 5.81 5.00 291 1000
-18.44 -120.93 2.21 0.49 3.02 5.00 1 1000
-18.44 -120.93 -2.21 0.49 3.26 5.00 1 1000
-1.84 -117.63 10.15 0.27 1.75 5.00 283 1000
-1.84 -117.63 -10.15 0.27 4.53 5.00 279 1000
-1.84 -120.93 18.48 0.49 1.67 5.00 0 1000
-1.84 -120.93 -18.48 0.49 4.61 5.00 0 1000
1.84 -131.39 30.89 0.91 1.51 5.00 1 1000
1.84 -131.39 -30.89 0.91 4.77 5.00 0 1000
18.51 -120.93 1.48 0.49 0.08 5.00 0 1000
18.51 -120.93 -1.48 0.49 6.20 5.00 0 1000
18.52 -128.95 22.17 0.83 0.87 5.00 7 1000
18.52 -128.95 -22.17 0.83 5.41 5.00 18 1000
-18.55 -120.93 0.74 0.49 3.10 5.00 7 1000
-18.55 -120.93 -0.74 0.49 3.18 5.00 4 1000
18.57 -120.93 0.00 0.49 0.00 5.00 4 1000
18.57 -120.93 -0.00 0.49 6.28 5.00 4 1000
18.68 -125.06 16.25 0.68 0.72 5.00 281 1000
18.68 -125.06 -16.25 0.68 5.57 5.00 274 1000
-18.69 -122.12 8.74 0.55 2.70 5.00 320 1000
-18.69 -122.12 -8.74 0.55 3.58 5.00 297 1000
-18.69 -155.45 34.46 1.57 2.07 5.00 0 1000
-18.69 -155.45 -34.46 1.57 4.22 5.00 0 1000
-18.78 -123.49 12.75 0.62 2.55 5.00 313 1000
-18.78 -123.49 -12.75 0.62 3.74 5.00 320 1000
18.78 -126.86 19.15 0.75 0.80 5.00 0 1000
18.78 -126.86 -19.15 0.75 5.49 5.00 1 1000
-1.87 -116.30 0.87 0.05 2.70 5.00 299 1000
-1.87 -116.30 -0.87 0.05 3.58 5.00 306 1000
-18.88 -131.39 24.52 0.91 2.23 5.00 0 1000
-18.88 -131.39 -24.52 0.91 4.06 5.00 0 1000
18.99 -142.90 31.91 1.24 1.03 5.00 0 1000
18.99 -142.90 -31.91 1.24 5.25 5.00 0 1000
19.02 -122.12 7.99 0.55 0.40 5.00 311 1000
19.02 -122.12 -7.99 0.55 5.89 5.00 296 1000
19.08 -134.31 26.94 1.00 0.95 5.00 12 1000
19.08 -134.31 -26.94 1.00 5.33 5.00 11 1000
1.90 -116.30 0.80 0.05 0.40 5.00 296 1000
1.90 -116.30 -0.80 0.05 5.89 5.00 303 1000
-19.12 -137.94 29.40 1.11 2.15 5.00 0 1000
-19.12 -137.94 -29.40 1.11 4.14 5.00 0 1000
19.27 -123.49 11.99 0.62 0.56 5.00 322 1000
19.27 -123.49 -11.99 0.62 5.73 5.00 312 1000
-19.31 -125.06 15.49 0.68 2.47 5.00 294 1000
-19.31 -125.06 -15.49 0.68 3.82 5.00 307 1000
-19.32 -122.12 7.23 0.55 2.78 5.00 260 1000
-19.32 -122.12 -7.23 0.55 3.50 5.00 266 1000
-19.38 -128.95 21.41 0.83 2.31 5.00 9 1000
-19.38 -128.95 -21.41 0.83 3.98 5.00 6 1000
-1.93 -116.30 0.72 0.05 2.78 5.00 293 1000
-1.93 -116.30 -0.72 0.05 3.50 5.00 288 1000
-19.52 -126.86 18.39 0.75 2.39 5.00 1 1000
-19.52 -126.86 -18.39 0.75 3.90 5.00 0 1000
19.60 -122.12 6.45 0.55 0.32 5.00 355 1000
19.60 -122.12 -6.45 0.55 5.97 5.00 347 1000
1.96 -116.30 0.65 0.05 0.32 5.00 295 1000
1.96 -116.30 -0.65 0.05 5.97 5.00 291 1000
-19.73 -123.49 11.22 0.62 2.62 5.00 312 1000
-19.73 -123.49 -11.22 0.62 3.66 5.00 308 1000
-1.97 -116.47 3.63 0.11 2.07 5.00 312 1000
-1.97 -116.47 -3.63 0.11 4.22 5.00 272 1000
1.97 -134.31 32.95 1.00 1.51 5.00 6 1000
1.97 -134.31 -32.95 1.00 4.77 5.00 9 1000
-19.84 -122.12 5.67 0.55 2.86 5.00 1 1000
-19.84 -122.12 -5.67 0.55 3.42 5.00 0 1000
19.84 -131.39 23.75 0.91 0.87 5.00 1 1000
19.84 -131.39 -23.75 0.91 5.41 5.00 0 1000
-1.98 -116.30 0.57 0.05 2.86 5.00 311 1000
-1.98 -116.30 -0.57 0.05 3.42 5.00 311 1000
19.91 -125.06 14.71 0.68 0.64 5.00 316 1000
19.91 -125.06 -14.71 0.68 5.65 5.00 324 1000
20.05 -122.12 4.88 0.55 0.24 5.00 0 1000
20.05 -122.12 -4.88 0.55 6.04 5.00 0 1000
20.05 -155.45 33.69 1.57 1.03 5.00 0 1000
20.05 -155.45 -33.69 1.57 5.25 5.00 0 1000
2.00 -116.30 0.49 0.05 0.24 5.00 290 1000
2.00 -116.30 -0.49 0.05 6.04 5.00 297 1000
2.00 -119.01 14.30 0.38 1.43 5.00 17 1000
2.00 -119.01 -14.30 0.38 4.85 5.00 23 1000
-20.14 -134.31 26.16 1.00 2.23 5.00 8 1000
-20.14 -134.31 -26.16 1.00 4.06 5.00 5 1000
20.16 -123.49 10.42 0.62 0.48 5.00 305 1000
20.16 -123.49 -10.42 0.62 5.81 5.00 304 1000
20.22 -128.95 20.63 0.83 0.80 5.00 5 1000
20.22 -128.95 -20.63 0.83 5.49 5.00 9 1000
-20.23 -122.12 4.08 0.55 2.94 5.00 273 1000
-20.23 -122.12 -4.08 0.55 3.34 5.00 282 1000
20.24 -126.86 17.60 0.75 0.72 5.00 0 1000
20.24 -126.86 -17.60 0.75 5.57 5.00 2 1000
-20.25 -142.90 31.13 1.24 2.15 5.00 0 1000
-20.25 -142.90 -31.13 1.24 4.14 5.00 0 1000
20.28 -137.94 28.62 1.11 0.95 5.00 0 1000
20.28 -137.94 -28.62 1.11 5.33 5.00 0 1000
-2.02 -116.30 0.41 0.05 2.94 5.00 311 1000
-2.02 -116.30 -0.41 0.05 3.34 5.00 314 1000
20.37 -122.12 3.27 0.55 0.16 5.00 355 1000
20.37 -122.12 -3.27 0.55 6.12 5.00 336 1000
-20.48 -122.12 2.46 0.55 3.02 5.00 287 1000
-20.48 -122.12 -2.46 0.55 3.26 5.00 290 1000
-20.48 -125.06 13.91 0.68 2.55 5.00 321 1000
-20.48 -125.06 -13.91 0.68 3.74 5.00 316 1000
2.04 -116.30 0.33 0.05 0.16 5.00 287 1000
2.04 -116.30 -0.33 0.05 6.12 5.00 281 1000
-20.56 -123.49 9.61 0.62 2.70 5.00 330 1000
-20.56 -123.49 -9.61 0.62 3.58 5.00 325 1000
20.57 -122.12 1.64 0.55 0.08 5.00 327 1000
20.57 -122.12 -1.64 0.55 6.20 5.00 307 1000
-2.05 -116.30 0.25 0.05 3.02 5.00 282 1000
-2.05 -116.30 -0.25 0.05 3.26 5.00 311 1000
-2.05 -116.74 5.84 0.16 1.91 5.00 0 1000
-2.05 -116.74 -5.84 0.16 4.37 5.00 0 1000
-2.05 -122.12 20.53 0.55 1.67 5.00 292 1000
-2.05 -122.12 -20.53 0.55 4.61 5.00 311 1000
-20.62 -122.12 0.82 0.55 3.10 5.00 310 1000
-20.62 -122.12 -0.82 0.55 3.18 5.00 294 1000
20.63 -122.12 0.00 0.55 0.00 5.00 311 1000
20.63 -122.12 -0.00 0.55 6.28 5.00 311 1000
2.06 -116.30 0.00 0.05 0.00 5.00 293 1000
2.06 -116.30 -0.00 0.05 6.28 5.00 293 1000
-2.06 -116.30 0.08 0.05 3.10 5.00 297 1000
-2.06 -116.30 -0.08 0.05 3.18 5.00 316 1000
2.06 -116.30 0.16 0.05 0.08 5.00 299 1000
2.06 -116.30 -0.16 0.05 6.20 5.00 296 1000
-20.77 -131.39 22.94 0.91 2.31 5.00 2 1000
-20.77 -131.39 -22.94 0.91 3.98 5.00 1 1000
20.92 -123.49 8.79 0.62 0.40 5.00 283 1000
20.92 -123.49 -8.79 0.62 5.89 5.00 306 1000
-20.92 -126.86 16.78 0.75 2.47 5.00 21 1000
-20.92 -126.86 -16.78 0.75 3.82 5.00 20 1000
2.09 -137.94 35.01 1.11 1.51 5.00 0 1000
2.09 -137.94 -35.01 1.11 4.77 5.00 0 1000
21.02 -125.06 13.08 0.68 0.56 5.00 303 1000
21.02 -125.06 -13.08 0.68 5.73 5.00 307 1000
-21.02 -128.95 19.81 0.83 2.39 5.00 10 1000
-21.02 -128.95 -19.81 0.83 3.90 5.00 6 1000
21.16 -134.31 25.33 1.00 0.87 5.00 8 1000
21.16 -134.31 -25.33 1.00 5.41 5.00 9 1000
2.11 -116.47 3.55 0.11 1.03 5.00 276 1000
2.11 -116.47 -3.55 0.11 5.25 5.00 275 1000
-2.11 -117.13 7.98 0.21 1.83 5.00 259 1000
-2.11 -117.13 -7.98 0.21 4.45 5.00 255 1000
-21.26 -123.49 7.95 0.62 2.78 5.00 311 1000
-21.26 -123.49 -7.95 0.62 3.50 5.00 305 1000
-21.37 -155.45 32.86 1.57 2.15 5.00 0 1000
-21.37 -155.45 -32.86 1.57 4.14 5.00 0 1000
-21.40 -137.94 27.79 1.11 2.23 5.00 0 1000
-21.40 -137.94 -27.79 1.11 4.06 5.00 0 1000
21.47 -142.90 30.30 1.24 0.95 5.00 0 1000
21.47 -142.90 -30.30 1.24 5.33 5.00 0 1000
-21.52 -125.06 12.24 0.68 2.62 5.00 305 1000
-21.52 -125.06 -12.24 0.68 3.66 5.00 301 1000
21.56 -123.49 7.10 0.62 0.32 5.00 307 1000
21.56 -123.49 -7.10 0.62 5.97 5.00 266 1000
21.57 -126.86 15.94 0.75 0.64 5.00 261 1000
21.57 -126.86 -15.94 0.75 5.65 5.00 278 1000
21.66 -131.39 22.10 0.91 0.80 5.00 0 1000
21.66 -131.39 -22.10 0.91 5.49 5.00 1 1000
21.80 -128.95 18.95 0.83 0.72 5.00 15 1000
21.80 -128.95 -18.95 0.83 5.57 5.00 2 1000
-21.82 -123.49 6.24 0.62 2.86 5.00 6 1000
-21.82 -123.49 -6.24 0.62 3.42 5.00 5 1000
21.99 -125.06 11.37 0.68 0.48 5.00 312 1000
21.99 -125.06 -11.37 0.68 5.81 5.00 316 1000
22.05 -123.49 5.36 0.62 0.24 5.00 303 1000
22.05 -123.49 -5.36 0.62 6.04 5.00 297 1000
-2.20 -118.26 12.18 0.32 1.75 5.00 296 1000
-2.20 -118.26 -12.18 0.32 4.53 5.00 280 1000
-22.15 -134.31 24.47 1.00 2.31 5.00 9 1000
-22.15 -134.31 -24.47 1.00 3.98 5.00 9 1000
-22.19 -126.86 15.07 0.75 2.55 5.00 264 1000
-22.19 -126.86 -15.07 0.75 3.74 5.00 263 1000
2.21 -142.90 37.07 1.24 1.51 5.00 0 1000
2.21 -142.90 -37.07 1.24 4.77 5.00 1 1000
-22.25 -123.49 4.48 0.62 2.94 5.00 337 1000
-22.25 -123.49 -4.48 0.62 3.34 5.00 340 1000
22.41 -123.49 3.59 0.62 0.16 5.00 301 1000
22.41 -123.49 -3.59 0.62 6.12 5.00 306 1000
-22.43 -125.06 10.49 0.68 2.70 5.00 307 1000
-22.43 -125.06 -10.49 0.68 3.58 5.00 313 1000
22.49 -137.94 26.92 1.11 0.87 5.00 0 1000
22.49 -137.94 -26.92 1.11 5.41 5.00 0 1000
2.24 -117.63 10.07 0.27 1.35 5.00 285 1000
2.24 -117.63 -10.07 0.27 4.93 5.00 274 1000
-22.53 -123.49 2.70 0.62 3.02 5.00 308 1000
-22.53 -123.49 -2.70 0.62 3.26 5.00 308 1000
-22.53 -128.95 18.07 0.83 2.47 5.00 7 1000
-22.53 -128.95 -18.07 0.83 3.82 5.00 9 1000
-22.53 -131.39 21.22 0.91 2.39 5.00 0 1000
-22.53 -131.39 -21.22 0.91 3.90 5.00 0 1000
-2.25 -116.47 3.46 0.11 2.15 5.00 284 1000
-2.25 -116.47 -3.46 0.11 4.14 5.00 272 1000
-2.25 -123.49 22.58 0.62 1.67 5.00 310 1000
-2.25 -123.49 -22.58 0.62 4.61 5.00 309 1000
22.62 -123.49 1.80 0.62 0.08 5.00 315 1000
22.62 -123.49 -1.80 0.62 6.20 5.00 318 1000
-22.66 -142.90 29.43 1.24 2.23 5.00 0 1000
-22.66 -142.90 -29.43 1.24 4.06 5.00 0 1000
22.66 -155.45 31.99 1.57 0.95 5.00 0 1000
22.66 -155.45 -31.99 1.57 5.33 5.00 0 1000
-22.68 -123.49 0.90 0.62 3.10 5.00 307 1000
-22.68 -123.49 -0.90 0.62 3.18 5.00 304 1000
22.69 -123.49 0.00 0.62 0.00 5.00 319 1000
22.69 -123.49 -0.00 0.62 6.28 5.00 319 1000
22.77 -126.86 14.17 0.75 0.56 5.00 287 1000
22.77 -126.86 -14.17 0.75 5.73 5.00 309 1000
22.83 -125.06 9.59 0.68 0.40 5.00 309 1000
22.83 -125.06 -9.59 0.68 5.89 5.00 291 1000
2.28 -116.74 5.75 0.16 1.19 5.00 4 1000
2.28 -116.74 -5.75 0.16 5.09 5.00 2 1000
2.29 -119.89 16.35 0.43 1.43 5.00 14 1000
2.29 -119.89 -16.35 0.43 4.85 5.00 13 1000
23.11 -134.31 23.57 1.00 0.80 5.00 4 1000
23.11 -134.31 -23.57 1.00 5.49 5.00 3 1000
-23.19 -125.06 8.67 0.68 2.78 5.00 285 1000
-23.19 -125.06 -8.67 0.68 3.50 5.00 310 1000
23.23 -128.95 17.16 0.83 0.64 5.00 4 1000
23.23 -128.95 -17.16 0.83 5.65 5.00 6 1000
-23.32 -126.86 13.26 0.75 2.62 5.00 284 1000
-23.32 -126.86 -13.26 0.75 3.66 5.00 284 1000
23.35 -131.39 20.31 0.91 0.72 5.00 0 1000
23.35 -131.39 -20.31 0.91 5.57 5.00 0 1000
2.34 -155.45 39.13 1.57 1.51 5.00 0 1000
2.34 -155.45 -39.13 1.57 4.77 5.00 0 1000
23.52 -125.06 7.74 0.68 0.32 5.00 281 1000
23.52 -125.06 -7.74 0.68 5.97 5.00 279 1000
-23.54 -137.94 26.00 1.11 2.31 5.00 0 1000
-23.54 -137.94 -26.00 1.11 3.98 5.00 0 1000
-23.80 -125.06 6.80 0.68 2.86 5.00 1 1000
-23.80 -125.06 -6.80 0.68 3.42 5.00 0 1000
23.81 -142.90 28.50 1.24 0.87 5.00 0 1000
23.81 -142.90 -28.50 1.24 5.41 5.00 0 1000
23.82 -126.86 12.32 0.75 0.48 5.00 308 1000
23.82 -126.86 -12.32 0.75 5.81 5.00 311 1000
-23.90 -128.95 16.23 0.83 2.55 5.00 3 1000
-23.90 -128.95 -16.23 0.83 3.74 5.00 8 1000
-23.91 -155.45 31.06 1.57 2.23 5.00 0 1000
-23.91 -155.45 -31.06 1.57 4.06 5.00 1 1000
2.39 -116.47 3.37 0.11 0.95 5.00 274 1000
2.39 -116.47 -3.37 0.11 5.33 5.00 282 1000
-24.03 -134.31 22.64 1.00 2.39 5.00 6 1000
-24.03 -134.31 -22.64 1.00 3.90 5.00 6 1000
24.06 -125.06 5.85 0.68 0.24 5.00 0 1000
24.06 -125.06 -5.85 0.68 6.04 5.00 0 1000
-24.14 -131.39 19.36 0.91 2.47 5.00 0 1000
-24.14 -131.39 -19.36 0.91 3.82 5.00 1 1000
-24.27 -125.06 4.89 0.68 2.94 5.00 261 1000
-24.27 -125.06 -4.89 0.68 3.34 5.00 264 1000
-24.30 -126.86 11.36 0.75 2.70 5.00 251 1000
-24.30 -126.86 -11.36 0.75 3.58 5.00 262 1000
2.43 -117.13 7.89 0.21 1.27 5.00 291 1000
2.43 -117.13 -7.89 0.21 5.01 5.00 275 1000
24.45 -125.06 3.92 0.68 0.16 5.00 303 1000
24.45 -125.06 -3.92 0.68 6.12 5.00 303 1000
24.52 -128.95 15.26 0.83 0.56 5.00 7 1000
24.52 -128.95 -15.26 0.83 5.73 5.00 9 1000
24.55 -137.94 25.05 1.11 0.80 5.00 0 1000
24.55 -137.94 -25.05 1.11 5.49 5.00 0 1000
-24.58 -125.06 2.95 0.68 3.02 5.00 313 1000
-24.58 -125.06 -2.95 0.68 3.26 5.00 275 1000
24.68 -125.06 1.97 0.68 0.08 5.00 296 1000
24.68 -125.06 -1.97 0.68 6.20 5.00 318 1000
-2.46 -125.06 24.64 0.68 1.67 5.00 306 1000
-2.46 -125.06 -24.64 0.68 4.61 5.00 299 1000
24.73 -126.86 10.39 0.75 0.40 5.00 340 1000
24.73 -126.86 -10.39 0.75 5.89 5.00 336 1000
-24.74 -125.06 0.98 0.68 3.10 5.00 306 1000
-24.74 -125.06 -0.98 0.68 3.18 5.00 303 1000
24.76 -125.06 0.00 0.68 0.00 5.00 310 1000
24.76 -125.06 -0.00 0.68 6.28 5.00 310 1000
24.89 -131.39 18.39 0.91 0.64 5.00 1 1000
24.89 -131.39 -18.39 0.91 5.65 5.00 0 1000
24.91 -134.31 21.66 1.00 0.72 5.00 6 1000
24.91 -134.31 -21.66 1.00 5.57 5.00 6 1000
-24.92 -142.90 27.53 1.24 2.31 5.00 0 1000
-24.92 -142.90 -27.53 1.24 3.98 5.00 0 1000
-25.11 -128.95 14.28 0.83 2.62 5.00 5 1000
-25.11 -128.95 -14.28 0.83 3.66 5.00 5 1000
-25.12 -126.86 9.40 0.75 2.78 5.00 0 1000
-25.12 -126.86 -9.40 0.75 3.50 5.00 2 1000
25.13 -155.45 30.08 1.57 0.87 5.00 0 1000
25.13 -155.45 -30.08 1.57 5.41 5.00 0 1000
-2.51 -116.74 5.66 0.16 1.99 5.00 1 1000
-2.51 -116.74 -5.66 0.16 4.29 5.00 0 1000
-2.52 -116.47 3.27 0.11 2.23 5.00 287 1000
-2.52 -116.47 -3.27 0.11 4.06 5.00 302 1000
25.48 -126.86 8.39 0.75 0.32 5.00 0 1000
25.48 -126.86 -8.39 0.75 5.97 5.00 1 1000
-25.53 -137.94 24.05 1.11 2.39 5.00 0 1000
-25.53 -137.94 -24.05 1.11 3.90 5.00 0 1000
-25.60 -131.39 17.38 0.91 2.55 5.00 0 1000
-25.60 -131.39 -17.38 0.91 3.74 5.00 0 1000
25.66 -128.95 13.27 0.83 0.48 5.00 5 1000
25.66 -128.95 -13.27 0.83 5.81 5.00 8 1000
-25.75 -134.31 20.65 1.00 2.47 5.00 7 1000
-25.75 -134.31 -20.65 1.00 3.82 5.00 6 1000
-25.79 -126.86 7.37 0.75 2.86 5.00 18 1000
-25.79 -126.86 -7.37 0.75 3.42 5.00 21 1000
-2.57 -119.01 14.21 0.38 1.75 5.00 267 1000
-2.57 -119.01 -14.21 0.38 4.53 5.00 261 1000
2.58 -120.93 18.39 0.49 1.43 5.00 1 1000
2.58 -120.93 -18.39 0.49 4.85 5.00 0 1000
26.00 -142.90 26.52 1.24 0.80 5.00 0 1000
26.00 -142.90 -26.52 1.24 5.49 5.00 0 1000
26.06 -126.86 6.34 0.75 0.24 5.00 12 1000
26.06 -126.86 -6.34 0.75 6.04 5.00 12 1000
-26.16 -128.95 12.24 0.83 2.70 5.00 4 1000
-26.16 -128.95 -12.24 0.83 3.58 5.00 4 1000
26.27 -131.39 16.35 0.91 0.56 5.00 1 1000
26.27 -131.39 -16.35 0.91 5.73 5.00 0 1000
-26.29 -126.86 5.30 0.75 2.94 5.00 12 1000
-26.29 -126.86 -5.30 0.75 3.34 5.00 11 1000
-26.31 -155.45 29.06 1.57 2.31 5.00 1 1000
-26.31 -155.45 -29.06 1.57 3.98 5.00 1 1000
26.47 -137.94 23.02 1.11 0.72 5.00 0 1000
26.47 -137.94 -23.02 1.11 5.57 5.00 0 1000
26.48 -126.86 4.25 0.75 0.16 5.00 14 1000
26.48 -126.86 -4.25 0.75 6.12 5.00 11 1000
-2.64 -117.63 9.97 0.27 1.83 5.00 287 1000
-2.64 -117.63 -9.97 0.27 4.45 5.00 279 1000
26.55 -134.31 19.61 1.00 0.64 5.00 9 1000
26.55 -134.31 -19.61 1.00 5.65 5.00 8 1000
2.65 -116.47 3.17 0.11 0.87 5.00 288 1000
2.65 -116.47 -3.17 0.11 5.41 5.00 288 1000
-26.63 -126.86 3.19 0.75 3.02 5.00 276 1000
-26.63 -126.86 -3.19 0.75 3.26 5.00 282 1000
26.63 -128.95 11.19 0.83 0.40 5.00 8 1000
26.63 -128.95 -11.19 0.83 5.89 5.00 5 1000
-2.66 -126.86 26.69 0.75 1.67 5.00 289 1000
-2.66 -126.86 -26.69 0.75 4.61 5.00 280 1000
26.74 -126.86 2.13 0.75 0.08 5.00 266 1000
26.74 -126.86 -2.13 0.75 6.20 5.00 267 1000
-26.80 -126.86 1.07 0.75 3.10 5.00 281 1000
-26.80 -126.86 -1.07 0.75 3.18 5.00 273 1000
26.82 -126.86 0.00 0.75 0.00 5.00 288 1000
26.82 -126.86 -0.00 0.75 6.28 5.00 288 1000
-26.90 -131.39 15.30 0.91 2.62 5.00 0 1000
-26.90 -131.39 -15.30 0.91 3.66 5.00 1 1000
2.69 -118.26 12.08 0.32 1.35 5.00 298 1000
2.69 -118.26 -12.08 0.32 4.93 5.00 281 1000
-27.03 -142.90 25.46 1.24 2.39 5.00 0 1000
-27.03 -142.90 -25.46 1.24 3.90 5.00 0 1000
-27.05 -128.95 10.12 0.83 2.78 5.00 6 1000
-27.05 -128.95 -10.12 0.83 3.50 5.00 8 1000
-27.31 -134.31 18.54 1.00 2.55 5.00 8 1000
-27.31 -134.31 -18.54 1.00 3.74 5.00 11 1000
-27.36 -137.94 21.95 1.11 2.47 5.00 0 1000
-27.36 -137.94 -21.95 1.11 3.82 5.00 0 1000
2.73 -116.74 5.55 0.16 1.11 5.00 0 1000
2.73 -116.74 -5.55 0.16 5.17 5.00 0 1000
27.43 -128.95 9.03 0.83 0.32 5.00 3 1000
27.43 -128.95 -9.03 0.83 5.97 5.00 9 1000
27.44 -155.45 27.99 1.57 0.80 5.00 0 1000
27.44 -155.45 -27.99 1.57 5.49 5.00 0 1000
27.49 -131.39 14.21 0.91 0.48 5.00 1 1000
27.49 -131.39 -14.21 0.91 5.81 5.00 0 1000
-2.74 -117.13 7.79 0.21 1.91 5.00 303 1000
-2.74 -117.13 -7.79 0.21 4.37 5.00 292 1000
-27.77 -128.95 7.94 0.83 2.86 5.00 7 1000
-27.77 -128.95 -7.94 0.83 3.42 5.00 6 1000
-2.77 -116.47 3.06 0.11 2.31 5.00 291 1000
-2.77 -116.47 -3.06 0.11 3.98 5.00 300 1000
28.02 -142.90 24.37 1.24 0.72 5.00 0 1000
28.02 -142.90 -24.37 1.24 5.57 5.00 0 1000
-28.03 -131.39 13.11 0.91 2.70 5.00 1 1000
-28.03 -131.39 -13.11 0.91 3.58 5.00 0 1000
28.03 -134.31 17.44 1.00 0.56 5.00 4 1000
28.03 -134.31 -17.44 1.00 5.73 5.00 7 1000
28.07 -128.95 6.83 0.83 0.24 5.00 14 1000
28.07 -128.95 -6.83 0.83 6.04 5.00 13 1000
28.21 -137.94 20.84 1.11 0.64 5.00 0 1000
28.21 -137.94 -20.84 1.11 5.65 5.00 0 1000
-28.32 -128.95 5.71 0.83 2.94 5.00 10 1000
-28.32 -128.95 -5.71 0.83 3.34 5.00 7 1000
28.52 -128.95 4.58 0.83 0.16 5.00 6 1000
28.52 -128.95 -4.58 0.83 6.12 5.00 4 1000
28.53 -131.39 11.99 0.91 0.40 5.00 2 1000
28.53 -131.39 -11.99 0.91 5.89 5.00 0 1000
-28.53 -155.45 26.88 1.57 2.39 5.00 2 1000
-28.53 -155.45 -26.88 1.57 3.90 5.00 0 1000
-28.68 -128.95 3.44 0.83 3.02 5.00 1 1000
-28.68 -128.95 -3.44 0.83 3.26 5.00 6 1000
2.86 -122.12 20.43 0.55 1.43 5.00 290 1000
2.86 -122.12 -20.43 0.55 4.85 5.00 286 1000
-28.70 -134.31 16.32 1.00 2.62 5.00 10 1000
-28.70 -134.31 -16.32 1.00 3.66 5.00 9 1000
28.79 -128.95 2.29 0.83 0.08 5.00 9 1000
28.79 -128.95 -2.29 0.83 6.20 5.00 14 1000
-2.87 -128.95 28.74 0.83 1.67 5.00 9 1000
-2.87 -128.95 -28.74 0.83 4.61 5.00 10 1000
-28.86 -128.95 1.15 0.83 3.10 5.00 2 1000
-28.86 -128.95 -1.15 0.83 3.18 5.00 15 1000
28.88 -128.95 0.00 0.83 0.00 5.00 6 1000
28.88 -128.95 -0.00 0.83 6.28 5.00 6 1000
-28.97 -142.90 23.24 1.24 2.47 5.00 0 1000
-28.97 -142.90 -23.24 1.24 3.82 5.00 0 1000
-28.99 -131.39 10.84 0.91 2.78 5.00 0 1000
-28.99 -131.39 -10.84 0.91 3.50 5.00 1 1000
2.89 -116.47 2.95 0.11 0.80 5.00 276 1000
2.89 -116.47 -2.95 0.11 5.49 5.00 292 1000
-29.02 -137.94 19.70 1.11 2.55 5.00 0 1000
-29.02 -137.94 -19.70 1.11 3.74 5.00 0 1000
29.32 -134.31 15.16 1.00 0.48 5.00 8 1000
29.32 -134.31 -15.16 1.00 5.81 5.00 13 1000
29.39 -131.39 9.68 0.91 0.32 5.00 0 1000
29.39 -131.39 -9.68 0.91 5.97 5.00 1 1000
-2.94 -119.89 16.24 0.43 1.75 5.00 0 1000
-2.94 -119.89 -16.24 0.43 4.53 5.00 0 1000
29.58 -155.45 25.72 1.57 0.72 5.00 0 1000
29.58 -155.45 -25.72 1.57 5.57 5.00 0 1000
-2.95 -116.74 5.44 0.16 2.07 5.00 2 1000
-2.95 -116.74 -5.44 0.16 4.22 5.00 0 1000
-29.76 -131.39 8.50 0.91 2.86 5.00 0 1000
-29.76 -131.39 -8.50 0.91 3.42 5.00 2 1000
29.78 -137.94 18.53 1.11 0.56 5.00 0 1000
29.78 -137.94 -18.53 1.11 5.73 5.00 0 1000
29.87 -142.90 22.07 1.24 0.64 5.00 0 1000
29.87 -142.90 -22.07 1.24 5.65 5.00 0 1000
-29.90 -134.31 13.98 1.00 2.70 5.00 7 1000
-29.90 -134.31 -13.98 1.00 3.58 5.00 6 1000
30.07 -131.39 7.31 0.91 0.24 5.00 1 1000
30.07 -131.39 -7.31 0.91 6.04 5.00 0 1000
-3.00 -116.47 2.83 0.11 2.39 5.00 282 1000
-3.00 -116.47 -2.83 0.11 3.90 5.00 272 1000
-30.34 -131.39 6.11 0.91 2.94 5.00 0 1000
-30.34 -131.39 -6.11 0.91 3.34 5.00 2 1000
3.03 -117.63 9.86 0.27 1.27 5.00 286 1000
3.03 -117.63 -9.86 0.27 5.01 5.00 275 1000
30.43 -134.31 12.78 1.00 0.40 5.00 11 1000
30.43 -134.31 -12.78 1.00 5.89 5.00 6 1000
-30.49 -137.94 17.34 1.11 2.62 5.00 0 1000
-30.49 -137.94 -17.34 1.11 3.66 5.00 0 1000
3.04 -117.13 7.67 0.21 1.19 5.00 272 1000
3.04 -117.13 -7.67 0.21 5.09 5.00 251 1000
30.56 -131.39 4.90 0.91 0.16 5.00 0 1000
30.56 -131.39 -4.90 0.91 6.12 5.00 1 1000
-30.58 -155.45 24.53 1.57 2.47 5.00 0 1000
-30.58 -155.45 -24.53 1.57 3.82 5.00 0 1000
-30.72 -142.90 20.86 1.24 2.55 5.00 0 1000
-30.72 -142.90 -20.86 1.24 3.74 5.00 0 1000
-30.73 -131.39 3.68 0.91 3.02 5.00 0 1000
-30.73 -131.39 -3.68 0.91 3.26 5.00 1 1000
-3.07 -131.39 30.79 0.91 1.67 5.00 0 1000
-3.07 -131.39 -30.79 0.91 4.61 5.00 0 1000
30.85 -131.39 2.46 0.91 0.08 5.00 0 1000
30.85 -131.39 -2.46 0.91 6.20 5.00 0 1000
-30.92 -131.39 1.23 0.91 3.10 5.00 0 1000
-30.92 -131.39 -1.23 0.91 3.18 5.00 0 1000
-30.92 -134.31 11.56 1.00 2.78 5.00 3 1000
-30.92 -134.31 -11.56 1.00 3.50 5.00 3 1000
30.95 -131.39 0.00 0.91 0.00 5.00 1 1000
30.95 -131.39 -0.00 0.91 6.28 5.00 1 1000
31.16 -137.94 16.11 1.11 0.48 5.00 0 1000
31.16 -137.94 -16.11 1.11 5.81 5.00 0 1000
3.11 -116.47 2.71 0.11 0.72 5.00 280 1000
3.11 -116.47 -2.71 0.11 5.57 5.00 293 1000
31.35 -134.31 10.33 1.00 0.32 5.00 7 1000
31.35 -134.31 -10.33 1.00 5.97 5.00 3 1000
3.13 -119.01 14.10 0.38 1.35 5.00 307 1000
3.13 -119.01 -14.10 0.38 4.93 5.00 317 1000
31.53 -142.90 19.62 1.24 0.56 5.00 0 1000
31.53 -142.90 -19.62 1.24 5.73 5.00 0 1000
31.53 -155.45 23.29 1.57 0.64 5.00 0 1000
31.53 -155.45 -23.29 1.57 5.65 5.00 0 1000
3.15 -123.49 22.48 0.62 1.43 5.00 308 1000
3.15 -123.49 -22.48 0.62 4.85 5.00 311 1000
-3.16 -118.26 11.97 0.32 1.83 5.00 282 1000
-3.16 -118.26 -11.97 0.32 4.45 5.00 281 1000
-31.74 -134.31 9.07 1.00 2.86 5.00 8 1000
-31.74 -134.31 -9.07 1.00 3.42 5.00 7 1000
-31.77 -137.94 14.86 1.11 2.70 5.00 0 1000
-31.77 -137.94 -14.86 1.11 3.58 5.00 0 1000
3.17 -116.74 5.32 0.16 1.03 5.00 0 1000
3.17 -116.74 -5.32 0.16 5.25 5.00 0 1000
32.08 -134.31 7.80 1.00 0.24 5.00 6 1000
32.08 -134.31 -7.80 1.00 6.04 5.00 4 1000
-32.28 -142.90 18.35 1.24 2.62 5.00 0 1000
-32.28 -142.90 -18.35 1.24 3.66 5.00 0 1000
-3.22 -116.47 2.58 0.11 2.47 5.00 297 1000
-3.22 -116.47 -2.58 0.11 3.82 5.00 300 1000
32.34 -137.94 13.58 1.11 0.40 5.00 0 1000
32.34 -137.94 -13.58 1.11 5.89 5.00 0 1000
-32.36 -134.31 6.52 1.00 2.94 5.00 12 1000
-32.36 -134.31 -6.52 1.00 3.34 5.00 7 1000
-32.43 -155.45 22.02 1.57 2.55 5.00 0 1000
-32.43 -155.45 -22.02 1.57 3.74 5.00 0 1000
32.59 -134.31 5.23 1.00 0.16 5.00 7 1000
32.59 -134.31 -5.23 1.00 6.12 5.00 9 1000
-32.78 -134.31 3.93 1.00 3.02 5.00 11 1000
-32.78 -134.31 -3.93 1.00 3.26 5.00 5 1000
-32.85 -137.94 12.29 1.11 2.78 5.00 0 1000
-32.85 -137.94 -12.29 1.11 3.50 5.00 0 1000
-3.28 -134.31 32.85 1.00 1.67 5.00 4 1000
-3.28 -134.31 -32.85 1.00 4.61 5.00 4 1000
32.91 -134.31 2.62 1.00 0.08 5.00 6 1000
32.91 -134.31 -2.62 1.00 6.20 5.00 9 1000
-32.98 -134.31 1.31 1.00 3.10 5.00 5 1000
-32.98 -134.31 -1.31 1.00 3.18 5.00 2 1000
32.99 -142.90 17.06 1.24 0.48 5.00 0 1000
32.99 -142.90 -17.06 1.24 5.81 5.00 0 1000
33.01 -134.31 0.00 1.00 0.00 5.00 7 1000
33.01 -134.31 -0.00 1.00 6.28 5.00 7 1000
-3.31 -120.93 18.27 0.49 1.75 5.00 0 1000
-3.31 -120.93 -18.27 0.49 4.53 5.00 0 1000
33.28 -155.45 20.71 1.57 0.56 5.00 0 1000
33.28 -155.45 -20.71 1.57 5.73 5.00 0 1000
3.32 -116.47 2.45 0.11 0.64 5.00 315 1000
3.32 -116.47 -2.45 0.11 5.65 5.00 301 1000
33.31 -137.94 10.97 1.11 0.32 5.00 0 1000
33.31 -137.94 -10.97 1.11 5.97 5.00 0 1000
-3.35 -117.13 7.54 0.21 1.99 5.00 301 1000
-3.35 -117.13 -7.54 0.21 4.29 5.00 288 1000
-33.64 -142.90 15.73 1.24 2.70 5.00 0 1000
-33.64 -142.90 -15.73 1.24 3.58 5.00 0 1000
-33.72 -137.94 9.64 1.11 2.86 5.00 0 1000
-33.72 -137.94 -9.64 1.11 3.42 5.00 0 1000
-3.37 -116.74 5.19 0.16 2.15 5.00 3 1000
-3.37 -116.74 -5.19 0.16 4.14 5.00 0 1000
34.08 -137.94 8.29 1.11 0.24 5.00 0 1000
34.08 -137.94 -8.29 1.11 6.04 5.00 0 1000
-34.08 -155.45 19.37 1.57 2.62 5.00 0 1000
-34.08 -155.45 -19.37 1.57 3.66 5.00 0 1000
-3.41 -116.47 2.32 0.11 2.55 5.00 284 1000
-3.41 -116.47 -2.32 0.11 3.74 5.00 292 1000
34.24 -142.90 14.38 1.24 0.40 5.00 0 1000
34.24 -142.90 -14.38 1.24 5.89 5.00 0 1000
-3.42 -117.63 9.73 0.27 1.91 5.00 259 1000
-3.42 -117.63 -9.73 0.27 4.37 5.00 279 1000
-34.38 -137.94 6.93 1.11 2.94 5.00 0 1000
-34.38 -137.94 -6.93 1.11 3.34 5.00 0 1000
3.43 -125.06 24.52 0.68 1.43 5.00 310 1000
3.43 -125.06 -24.52 0.68 4.85 5.00 304 1000
34.63 -137.94 5.56 1.11 0.16 5.00 0 1000
34.63 -137.94 -5.56 1.11 6.12 5.00 0 1000
-34.78 -142.90 13.01 1.24 2.78 5.00 0 1000
-34.78 -142.90 -13.01 1.24 3.50 5.00 0 1000
-34.82 -137.94 4.17 1.11 3.02 5.00 0 1000
-34.82 -137.94 -4.17 1.11 3.26 5.00 0 1000
34.82 -155.45 18.00 1.57 0.48 5.00 0 1000
34.82 -155.45 -18.00 1.57 5.81 5.00 0 1000
-3.48 -137.94 34.90 1.11 1.67 5.00 0 1000
-3.48 -137.94 -34.90 1.11 4.61 5.00 0 1000
34.96 -137.94 2.79 1.11 0.08 5.00 0 1000
34.96 -137.94 -2.79 1.11 6.20 5.00 0 1000
-35.05 -137.94 1.39 1.11 3.10 5.00 0 1000
-35.05 -137.94 -1.39 1.11 3.18 5.00 0 1000
35.07 -137.94 0.00 1.11 0.00 5.00 0 1000
35.07 -137.94 -0.00 1.11 6.28 5.00 0 1000
3.50 -116.47 2.18 0.11 0.56 5.00 278 1000
3.50 -116.47 -2.18 0.11 5.73 5.00 302 1000
35.27 -142.90 11.62 1.24 0.32 5.00 0 1000
35.27 -142.90 -11.62 1.24 5.97 5.00 0 1000
-35.51 -155.45 16.61 1.57 2.70 5.00 0 1000
-35.51 -155.45 -16.61 1.57 3.58 5.00 0 1000
-35.71 -142.90 10.20 1.24 2.86 5.00 0 1000
-35.71 -142.90 -10.20 1.24 3.42 5.00 0 1000
3.58 -116.74 5.05 0.16 0.95 5.00 0 1000
3.58 -116.74 -5.05 0.16 5.33 5.00 0 1000
3.58 -119.89 16.11 0.43 1.35 5.00 0 1000
3.58 -119.89 -16.11 0.43 4.93 5.00 1 1000
-3.59 -116.47 2.04 0.11 2.62 5.00 295 1000
-3.59 -116.47 -2.04 0.11 3.66 5.00 286 1000
36.08 -142.90 8.78 1.24 0.24 5.00 0 1000
36.08 -142.90 -8.78 1.24 6.04 5.00 0 1000
36.14 -155.45 15.18 1.57 0.40 5.00 0 1000
36.14 -155.45 -15.18 1.57 5.89 5.00 0 1000
-36.41 -142.90 7.34 1.24 2.94 5.00 0 1000
-36.41 -142.90 -7.34 1.24 3.34 5.00 0 1000
3.64 -117.13 7.40 0.21 1.11 5.00 303 1000
3.64 -117.13 -7.40 0.21 5.17 5.00 289 1000
3.64 -118.26 11.83 0.32 1.27 5.00 290 1000
3.64 -118.26 -11.83 0.32 5.01 5.00 297 1000
36.67 -142.90 5.88 1.24 0.16 5.00 0 1000
36.67 -142.90 -5.88 1.24 6.12 5.00 0 1000
-36.72 -155.45 13.73 1.57 2.78 5.00 1 1000
-36.72 -155.45 -13.73 1.57 3.50 5.00 1 1000
3.67 -116.47 1.90 0.11 0.48 5.00 285 1000
3.67 -116.47 -1.90 0.11 5.81 5.00 283 1000
-3.67 -122.12 20.30 0.55 1.75 5.00 283 1000
-3.67 -122.12 -20.30 0.55 4.53 5.00 265 1000
-36.87 -142.90 4.42 1.24 3.02 5.00 0 1000
-36.87 -142.90 -4.42 1.24 3.26 5.00 0 1000
-3.69 -119.01 13.96 0.38 1.83 5.00 290 1000
-3.69 -119.01 -13.96 0.38 4.45 5.00 282 1000
-3.69 -142.90 36.95 1.24 1.67 5.00 0 1000
-3.69 -142.90 -36.95 1.24 4.61 5.00 0 1000
37.02 -142.90 2.95 1.24 0.08 5.00 0 1000
37.02 -142.90 -2.95 1.24 6.20 5.00 0 1000
-37.11 -142.90 1.48 1.24 3.10 5.00 0 1000
-37.11 -142.90 -1.48 1.24 3.18 5.00 0 1000
37.14 -142.90 0.00 1.24 0.00 5.00 0 1000
37.14 -142.90 -0.00 1.24 6.28 5.00 0 1000
37.23 -155.45 12.26 1.57 0.32 5.00 0 1000
37.23 -155.45 -12.26 1.57 5.97 5.00 0 1000
3.72 -126.86 26.56 0.75 1.43 5.00 9 1000
3.72 -126.86 -26.56 0.75 4.85 5.00 8 1000
-3.74 -116.47 1.75 0.11 2.70 5.00 283 1000
-3.74 -116.47 -1.75 0.11 3.58 5.00 281 1000
-37.69 -155.45 10.77 1.57 2.86 5.00 0 1000
-37.69 -155.45 -10.77 1.57 3.42 5.00 0 1000
-3.78 -116.74 4.90 0.16 2.23 5.00 2 1000
-3.78 -116.74 -4.90 0.16 4.06 5.00 0 1000
38.09 -155.45 9.26 1.57 0.24 5.00 0 1000
38.09 -155.45 -9.26 1.57 6.04 5.00 0 1000
3.80 -116.47 1.60 0.11 0.40 5.00 300 1000
3.80 -116.47 -1.60 0.11 5.89 5.00 296 1000
3.81 -117.63 9.59 0.27 1.19 5.00 301 1000
3.81 -117.63 -9.59 0.27 5.09 5.00 299 1000
-38.43 -155.45 7.74 1.57 2.94 5.00 0 1000
-38.43 -155.45 -7.74 1.57 3.34 5.00 0 1000
-3.86 -116.47 1.45 0.11 2.78 5.00 286 1000
-3.86 -116.47 -1.45 0.11 3.50 5.00 293 1000
38.71 -155.45 6.21 1.57 0.16 5.00 0 1000
38.71 -155.45 -6.21 1.57 6.12 5.00 0 1000
-38.92 -155.45 4.67 1.57 3.02 5.00 0 1000
-38.92 -155.45 -4.67 1.57 3.26 5.00 0 1000
-3.89 -155.45 39.01 1.57 1.67 5.00 0 1000
-3.89 -155.45 -39.01 1.57 4.61 5.00 0 1000
39.08 -155.45 3.11 1.57 0.08 5.00 0 1000
39.08 -155.45 -3.11 1.57 6.20 5.00 0 1000
-39.17 -155.45 1.56 1.57 3.10 5.00 0 1000
-39.17 -155.45 -1.56 1.57 3.18 5.00 1 1000
39.20 -155.45 0.00 1.57 0.00 5.00 0 1000
39.20 -155.45 -0.00 1.57 6.28 5.00 0 1000
3.92 -116.47 1.29 0.11 0.32 5.00 304 1000
3.92 -116.47 -1.29 0.11 5.97 5.00 292 1000
-3.94 -117.13 7.25 0.21 2.07 5.00 321 1000
-3.94 -117.13 -7.25 0.21 4.22 5.00 297 1000
-3.97 -116.47 1.13 0.11 2.86 5.00 306 1000
-3.97 -116.47 -1.13 0.11 3.42 5.00 301 1000
3.97 -116.74 4.75 0.16 0.87 5.00 0 1000
3.97 -116.74 -4.75 0.16 5.41 5.00 0 1000
4.01 -116.47 0.98 0.11 0.24 5.00 297 1000
4.01 -116.47 -0.98 0.11 6.04 5.00 298 1000
4.01 -128.95 28.60 0.83 1.43 5.00 7 1000
4.01 -128.95 -28.60 0.83 4.85 5.00 9 1000
4.03 -120.93 18.13 0.49 1.35 5.00 0 1000
4.03 -120.93 -18.13 0.49 4.93 5.00 0 1000
-4.04 -123.49 22.33 0.62 1.75 5.00 312 1000
-4.04 -123.49 -22.33 0.62 4.53 5.00 286 1000
-4.05 -116.47 0.82 0.11 2.94 5.00 286 1000
-4.05 -116.47 -0.82 0.11 3.34 5.00 304 1000
4.07 -116.47 0.65 0.11 0.16 5.00 293 1000
4.07 -116.47 -0.65 0.11 6.12 5.00 288 1000
-4.10 -116.47 0.49 0.11 3.02 5.00 280 1000
-4.10 -116.47 -0.49 0.11 3.26 5.00 308 1000
4.11 -116.47 0.33 0.11 0.08 5.00 274 1000
4.11 -116.47 -0.33 0.11 6.20 5.00 291 1000
-4.11 -118.26 11.68 0.32 1.91 5.00 287 1000
-4.11 -118.26 -11.68 0.32 4.37 5.00 279 1000
-4.12 -116.47 0.16 0.11 3.10 5.00 305 1000
-4.12 -116.47 -0.16 0.11 3.18 5.00 298 1000
4.13 -116.47 0.00 0.11 0.00 5.00 277 1000
4.13 -116.47 -0.00 0.11 6.28 5.00 277 1000
-4.15 -116.74 4.59 0.16 2.31 5.00 1 1000
-4.15 -116.74 -4.59 0.16 3.98 5.00 0 1000
-4.18 -117.63 9.43 0.27 1.99 5.00 271 1000
-4.18 -117.63 -9.43 0.27 4.29 5.00 301 1000
4.22 -117.13 7.09 0.21 1.03 5.00 280 1000
4.22 -117.13 -7.09 0.21 5.25 5.00 291 1000
-4.22 -119.89 15.96 0.43 1.83 5.00 0 1000
-4.22 -119.89 -15.96 0.43 4.45 5.00 1 1000
4.24 -119.01 13.80 0.38 1.27 5.00 293 1000
4.24 -119.01 -13.80 0.38 5.01 5.00 311 1000
4.29 -131.39 30.65 0.91 1.43 5.00 0 1000
4.29 -131.39 -30.65 0.91 4.85 5.00 0 1000
4.33 -116.74 4.42 0.16 0.80 5.00 0 1000
4.33 -116.74 -4.42 0.16 5.49 5.00 1 1000
-4.41 -125.06 24.36 0.68 1.75 5.00 269 1000
-4.41 -125.06 -24.36 0.68 4.53 5.00 266 1000
4.48 -122.12 20.14 0.55 1.35 5.00 0 1000
4.48 -122.12 -20.14 0.55 4.93 5.00 0 1000
-4.50 -117.13 6.92 0.21 2.15 5.00 297 1000
-4.50 -117.13 -6.92 0.21 4.14 5.00 309 1000
-4.51 -116.74 4.24 0.16 2.39 5.00 0 1000
-4.51 -116.74 -4.24 0.16 3.90 5.00 0 1000
4.55 -117.63 9.26 0.27 1.11 5.00 296 1000
4.55 -117.63 -9.26 0.27 5.17 5.00 286 1000
4.57 -118.26 11.51 0.32 1.19 5.00 324 1000
4.57 -118.26 -11.51 0.32 5.09 5.00 316 1000
4.58 -134.31 32.69 1.00 1.43 5.00 7 1000
4.58 -134.31 -32.69 1.00 4.85 5.00 5 1000
4.67 -116.74 4.06 0.16 0.72 5.00 0 1000
4.67 -116.74 -4.06 0.16 5.57 5.00 1 1000
-4.75 -120.93 17.95 0.49 1.83 5.00 2 1000
-4.75 -120.93 -17.95 0.49 4.45 5.00 0 1000
4.77 -117.13 6.73 0.21 0.95 5.00 289 1000
4.77 -117.13 -6.73 0.21 5.33 5.00 281 1000
-4.77 -126.86 26.39 0.75 1.75 5.00 1 1000
-4.77 -126.86 -26.39 0.75 4.53 5.00 0 1000
-4.79 -119.01 13.62 0.38 1.91 5.00 286 1000
-4.79 -119.01 -13.62 0.38 4.37 5.00 276 1000
-4.83 -116.74 3.87 0.16 2.47 5.00 0 1000
-4.83 -116.74 -3.87 0.16 3.82 5.00 0 1000
4.85 -119.89 15.78 0.43 1.27 5.00 274 1000
4.85 -119.89 -15.78 0.43 5.01 5.00 299 1000
4.87 -137.94 34.73 1.11 1.43 5.00 0 1000
4.87 -137.94 -34.73 1.11 4.85 5.00 0 1000
-4.92 -117.63 9.07 0.27 2.07 5.00 300 1000
-4.92 -117.63 -9.07 0.27 4.22 5.00 315 1000
4.92 -123.49 22.15 0.62 1.35 5.00 295 1000
4.92 -123.49 -22.15 0.62 4.93 5.00 293 1000
4.98 -116.74 3.68 0.16 0.64 5.00 1 1000
4.98 -116.74 -3.68 0.16 5.65 5.00 1 1000
-5.02 -118.26 11.32 0.32 1.99 5.00 322 1000
-5.02 -118.26 -11.32 0.32 4.29 5.00 300 1000
-5.03 -117.13 6.54 0.21 2.23 5.00 278 1000
-5.03 -117.13 -6.54 0.21 4.06 5.00 287 1000
-5.12 -116.74 3.48 0.16 2.55 5.00 0 1000
-5.12 -116.74 -3.48 0.16 3.74 5.00 0 1000
-5.14 -128.95 28.42 0.83 1.75 5.00 4 1000
-5.14 -128.95 -28.42 0.83 4.53 5.00 7 1000
5.15 -142.90 36.78 1.24 1.43 5.00 0 1000
5.15 -142.90 -36.78 1.24 4.85 5.00 0 1000
5.25 -116.74 3.27 0.16 0.56 5.00 0 1000
5.25 -116.74 -3.27 0.16 5.73 5.00 0 1000
-5.27 -122.12 19.95 0.55 1.83 5.00 0 1000
-5.27 -122.12 -19.95 0.55 4.45 5.00 0 1000
5.28 -117.63 8.86 0.27 1.03 5.00 302 1000
5.28 -117.63 -8.86 0.27 5.25 5.00 296 1000
5.29 -117.13 6.33 0.21 0.87 5.00 291 1000
5.29 -117.13 -6.33 0.21 5.41 5.00 271 1000
5.33 -119.01 13.42 0.38 1.19 5.00 293 1000
5.33 -119.01 -13.42 0.38 5.09 5.00 316 1000
5.37 -125.06 24.17 0.68 1.35 5.00 267 1000
5.37 -125.06 -24.17 0.68 4.93 5.00 281 1000
-5.38 -116.74 3.06 0.16 2.62 5.00 1 1000
-5.38 -116.74 -3.06 0.16 3.66 5.00 1 1000
5.44 -155.45 38.82 1.57 1.43 5.00 0 1000
5.44 -155.45 -38.82 1.57 4.85 5.00 0 1000
5.46 -120.93 17.75 0.49 1.27 5.00 2 1000
5.46 -120.93 -17.75 0.49 5.01 5.00 1 1000
5.47 -118.26 11.11 0.32 1.11 5.00 321 1000
5.47 -118.26 -11.11 0.32 5.17 5.00 307 1000
-5.47 -119.89 15.57 0.43 1.91 5.00 347 1000
-5.47 -119.89 -15.57 0.43 4.37 5.00 337 1000
5.50 -116.74 2.84 0.16 0.48 5.00 0 1000
5.50 -116.74 -2.84 0.16 5.81 5.00 1 1000
-5.51 -131.39 30.45 0.91 1.75 5.00 0 1000
-5.51 -131.39 -30.45 0.91 4.53 5.00 0 1000
-5.54 -117.13 6.12 0.21 2.31 5.00 336 1000
-5.54 -117.13 -6.12 0.21 3.98 5.00 345 1000
-5.61 -116.74 2.62 0.16 2.70 5.00 0 1000
-5.61 -116.74 -2.62 0.16 3.58 5.00 0 1000
-5.62 -117.63 8.65 0.27 2.15 5.00 260 1000
-5.62 -117.63 -8.65 0.27 4.14 5.00 266 1000
5.71 -116.74 2.40 0.16 0.40 5.00 0 1000
5.71 -116.74 -2.40 0.16 5.89 5.00 0 1000
5.78 -117.13 5.89 0.21 0.80 5.00 269 1000
5.78 -117.13 -5.89 0.21 5.49 5.00 270 1000
-5.80 -116.74 2.17 0.16 2.78 5.00 14 1000
-5.80 -116.74 -2.17 0.16 3.50 5.00 14 1000
-5.80 -123.49 21.94 0.62 1.83 5.00 0 1000
-5.80 -123.49 -21.94 0.62 4.45 5.00 1 1000
5.82 -126.86 26.18 0.75 1.35 5.00 2 1000
5.82 -126.86 -26.18 0.75 4.93 5.00 0 1000
-5.86 -119.01 13.20 0.38 1.99 5.00 303 1000
-5.86 -119.01 -13.20 0.38 4.29 5.00 293 1000
5.88 -116.74 1.94 0.16 0.32 5.00 12 1000
5.88 -116.74 -1.94 0.16 5.97 5.00 11 1000
-5.88 -134.31 32.48 1.00 1.75 5.00 13 1000
-5.88 -134.31 -32.48 1.00 4.53 5.00 3 1000
-5.90 -118.26 10.88 0.32 2.07 5.00 313 1000
-5.90 -118.26 -10.88 0.32 4.22 5.00 317 1000
-5.95 -116.74 1.70 0.16 2.86 5.00 0 1000
-5.95 -116.74 -1.70 0.16 3.42 5.00 1 1000
5.96 -117.63 8.42 0.27 0.95 5.00 314 1000
5.96 -117.63 -8.42 0.27 5.33 5.00 285 1000
6.01 -116.74 1.46 0.16 0.24 5.00 13 1000
6.01 -116.74 -1.46 0.16 6.04 5.00 13 1000
-6.01 -117.13 5.66 0.21 2.39 5.00 275 1000
-6.01 -117.13 -5.66 0.21 3.90 5.00 282 1000
6.06 -122.12 19.72 0.55 1.27 5.00 0 1000
6.06 -122.12 -19.72 0.55 5.01 5.00 0 1000
-6.07 -116.74 1.22 0.16 2.94 5.00 9 1000
-6.07 -116.74 -1.22 0.16 3.34 5.00 8 1000
6.09 -119.89 15.34 0.43 1.19 5.00 274 1000
6.09 -119.89 -15.34 0.43 5.09 5.00 273 1000
6.11 -116.74 0.98 0.16 0.16 5.00 0 1000
6.11 -116.74 -0.98 0.16 6.12 5.00 0 1000
-6.15 -116.74 0.74 0.16 3.02 5.00 0 1000
-6.15 -116.74 -0.74 0.16 3.26 5.00 0 1000
-6.16 -120.93 17.52 0.49 1.91 5.00 2 1000
-6.16 -120.93 -17.52 0.49 4.37 5.00 2 1000
6.17 -116.74 0.49 0.16 0.08 5.00 1 1000
6.17 -116.74 -0.49 0.16 6.20 5.00 0 1000
-6.18 -116.74 0.25 0.16 3.10 5.00 0 1000
-6.18 -116.74 -0.25 0.16 3.18 5.00 0 1000
6.19 -116.74 0.00 0.16 0.00 5.00 0 1000
6.19 -116.74 -0.00 0.16 6.28 5.00 0 1000
6.23 -117.13 5.42 0.21 0.72 5.00 265 1000
6.23 -117.13 -5.42 0.21 5.57 5.00 285 1000
-6.24 -137.94 34.51 1.11 1.75 5.00 0 1000
-6.24 -137.94 -34.51 1.11 4.53 5.00 0 1000
6.27 -128.95 28.20 0.83 1.35 5.00 11 1000
6.27 -128.95 -28.20 0.83 4.93 5.00 4 1000
-6.29 -117.63 8.17 0.27 2.23 5.00 285 1000
-6.29 -117.63 -8.17 0.27 4.06 5.00 313 1000
6.33 -118.26 10.64 0.32 1.03 5.00 301 1000
6.33 -118.26 -10.64 0.32 5.25 5.00 300 1000
-6.33 -125.06 23.94 0.68 1.83 5.00 0 1000
-6.33 -125.06 -23.94 0.68 4.45 5.00 0 1000
6.38 -119.01 12.96 0.38 1.11 5.00 284 1000
6.38 -119.01 -12.96 0.38 5.17 5.00 285 1000
-6.44 -117.13 5.16 0.21 2.47 5.00 7 1000
-6.44 -117.13 -5.16 0.21 3.82 5.00 9 1000
6.61 -117.63 7.92 0.27 0.87 5.00 292 1000
6.61 -117.63 -7.92 0.27 5.41 5.00 305 1000
-6.61 -142.90 36.54 1.24 1.75 5.00 0 1000
-6.61 -142.90 -36.54 1.24 4.53 5.00 0 1000
6.64 -117.13 4.90 0.21 0.64 5.00 0 1000
6.64 -117.13 -4.90 0.21 5.65 5.00 0 1000
6.67 -123.49 21.69 0.62 1.27 5.00 350 1000
6.67 -123.49 -21.69 0.62 5.01 5.00 353 1000
-6.69 -119.89 15.09 0.43 1.99 5.00 325 1000
-6.69 -119.89 -15.09 0.43 4.29 5.00 339 1000
6.71 -131.39 30.21 0.91 1.35 5.00 0 1000
6.71 -131.39 -30.21 0.91 4.93 5.00 0 1000
-6.75 -118.26 10.38 0.32 2.15 5.00 297 1000
-6.75 -118.26 -10.38 0.32 4.14 5.00 308 1000
-6.83 -117.13 4.64 0.21 2.55 5.00 0 1000
-6.83 -117.13 -4.64 0.21 3.74 5.00 1 1000
-6.84 -122.12 19.46 0.55 1.91 5.00 300 1000
-6.84 -122.12 -19.46 0.55 4.37 5.00 262 1000
6.85 -120.93 17.26 0.49 1.19 5.00 2 1000
6.85 -120.93 -17.26 0.49 5.09 5.00 4 1000
-6.86 -126.86 25.93 0.75 1.83 5.00 3 1000
-6.86 -126.86 -25.93 0.75 4.45 5.00 0 1000
-6.89 -119.01 12.69 0.38 2.07 5.00 305 1000
-6.89 -119.01 -12.69 0.38 4.22 5.00 283 1000
-6.92 -117.63 7.65 0.27 2.31 5.00 274 1000
-6.92 -117.63 -7.65 0.27 3.98 5.00 268 1000
-6.98 -155.45 38.57 1.57 1.75 5.00 0 1000
-6.98 -155.45 -38.57 1.57 4.53 5.00 0 1000
7.01 -117.13 4.36 0.21 0.56 5.00 1 1000
7.01 -117.13 -4.36 0.21 5.73 5.00 0 1000
7.16 -118.26 10.10 0.32 0.95 5.00 320 1000
7.16 -118.26 -10.10 0.32 5.33 5.00 321 1000
7.16 -134.31 32.22 1.00 1.35 5.00 7 1000
7.16 -134.31 -32.22 1.00 4.93 5.00 6 1000
-7.17 -117.13 4.08 0.21 2.62 5.00 0 1000
-7.17 -117.13 -4.08 0.21 3.66 5.00 0 1000
7.22 -117.63 7.37 0.27 0.80 5.00 296 1000
7.22 -117.63 -7.37 0.27 5.49 5.00 290 1000
7.28 -125.06 23.66 0.68 1.27 5.00 6 1000
7.28 -125.06 -23.66 0.68 5.01 5.00 14 1000
7.29 -119.89 14.81 0.43 1.11 5.00 238 1000
7.29 -119.89 -14.81 0.43 5.17 5.00 256 1000
7.33 -117.13 3.79 0.21 0.48 5.00 1 1000
7.33 -117.13 -3.79 0.21 5.81 5.00 0 1000
-7.38 -128.95 27.92 0.83 1.83 5.00 12 1000
-7.38 -128.95 -27.92 0.83 4.45 5.00 7 1000
7.39 -119.01 12.41 0.38 1.03 5.00 301 1000
7.39 -119.01 -12.41 0.38 5.25 5.00 290 1000
-7.48 -117.13 3.50 0.21 2.70 5.00 0 1000
-7.48 -117.13 -3.50 0.21 3.58 5.00 1 1000
-7.51 -117.63 7.07 0.27 2.39 5.00 299 1000
-7.51 -117.63 -7.07 0.27 3.90 5.00 289 1000
-7.53 -120.93 16.97 0.49 1.99 5.00 1 1000
-7.53 -120.93 -16.97 0.49 4.29 5.00 1 1000
-7.53 -123.49 21.41 0.62 1.91 5.00 304 1000
-7.53 -123.49 -21.41 0.62 4.37 5.00 292 1000
-7.55 -118.26 9.81 0.32 2.23 5.00 313 1000
-7.55 -118.26 -9.81 0.32 4.06 5.00 309 1000
7.61 -117.13 3.20 0.21 0.40 5.00 0 1000
7.61 -117.13 -3.20 0.21 5.89 5.00 0 1000
7.61 -122.12 19.18 0.55 1.19 5.00 326 1000
7.61 -122.12 -19.18 0.55 5.09 5.00 335 1000
7.61 -137.94 34.24 1.11 1.35 5.00 0 1000
7.61 -137.94 -34.24 1.11 4.93 5.00 0 1000
-7.73 -117.13 2.89 0.21 2.78 5.00 277 1000
-7.73 -117.13 -2.89 0.21 3.50 5.00 265 1000
7.78 -117.63 6.77 0.27 0.72 5.00 299 1000
7.78 -117.63 -6.77 0.27 5.57 5.00 312 1000
7.84 -117.13 2.58 0.21 0.32 5.00 282 1000
7.84 -117.13 -2.58 0.21 5.97 5.00 271 1000
-7.87 -119.01 12.11 0.38 2.15 5.00 286 1000
-7.87 -119.01 -12.11 0.38 4.14 5.00 289 1000
-7.87 -119.89 14.51 0.43 2.07 5.00 277 1000
-7.87 -119.89 -14.51 0.43 4.22 5.00 286 1000
7.88 -126.86 25.64 0.75 1.27 5.00 13 1000
7.88 -126.86 -25.64 0.75 5.01 5.00 12 1000
-7.91 -131.39 29.92 0.91 1.83 5.00 0 1000
-7.91 -131.39 -29.92 0.91 4.45 5.00 3 1000
-7.93 -117.13 2.27 0.21 2.86 5.00 258 1000
-7.93 -117.13 -2.27 0.21 3.42 5.00 252 1000
7.94 -118.26 9.50 0.32 0.87 5.00 296 1000
7.94 -118.26 -9.50 0.32 5.41 5.00 295 1000
8.02 -117.13 1.95 0.21 0.24 5.00 273 1000
8.02 -117.13 -1.95 0.21 6.04 5.00 268 1000
-8.05 -117.63 6.45 0.27 2.47 5.00 258 1000
-8.05 -117.63 -6.45 0.27 3.82 5.00 265 1000
8.06 -142.90 36.25 1.24 1.35 5.00 0 1000
8.06 -142.90 -36.25 1.24 4.93 5.00 0 1000
-8.09 -117.13 1.63 0.21 2.94 5.00 318 1000
-8.09 -117.13 -1.63 0.21 3.34 5.00 327 1000
8.15 -117.13 1.31 0.21 0.16 5.00 306 1000
8.15 -117.13 -1.31 0.21 6.12 5.00 291 1000
-8.19 -117.13 0.98 0.21 3.02 5.00 283 1000
-8.19 -117.13 -0.98 0.21 3.26 5.00 276 1000
8.20 -120.93 16.66 0.49 1.11 5.00 2 1000
8.20 -120.93 -16.66 0.49 5.17 5.00 2 1000
-8.21 -125.06 23.36 0.68 1.91 5.00 268 1000
-8.21 -125.06 -23.36 0.68 4.37 5.00 270 1000
8.23 -117.13 0.66 0.21 0.08 5.00 286 1000
8.23 -117.13 -0.66 0.21 6.20 5.00 286 1000
8.25 -117.13 0.00 0.21 0.00 5.00 305 1000
8.25 -117.13 -0.00 0.21 6.28 5.00 305 1000
-8.25 -117.13 0.33 0.21 3.10 5.00 294 1000
-8.25 -117.13 -0.33 0.21 3.18 5.00 305 1000
8.30 -117.63 6.13 0.27 0.64 5.00 263 1000
8.30 -117.63 -6.13 0.27 5.65 5.00 292 1000
-8.31 -118.26 9.18 0.32 2.31 5.00 310 1000
-8.31 -118.26 -9.18 0.32 3.98 5.00 278 1000
8.35 -119.01 11.78 0.38 0.95 5.00 283 1000
8.35 -119.01 -11.78 0.38 5.33 5.00 284 1000
-8.37 -122.12 18.86 0.55 1.99 5.00 273 1000
-8.37 -122.12 -18.86 0.55 4.29 5.00 293 1000
8.37 -123.49 21.09 0.62 1.19 5.00 287 1000
8.37 -123.49 -21.09 0.62 5.09 5.00 291 1000
8.44 -119.89 14.18 0.43 1.03 5.00 273 1000
8.44 -119.89 -14.18 0.43 5.25 5.00 283 1000
-8.44 -134.31 31.91 1.00 1.83 5.00 4 1000
-8.44 -134.31 -31.91 1.00 4.45 5.00 3 1000
8.49 -128.95 27.61 0.83 1.27 5.00 6 1000
8.49 -128.95 -27.61 0.83 5.01 5.00 5 1000
8.51 -155.45 38.27 1.57 1.35 5.00 0 1000
8.51 -155.45 -38.27 1.57 4.93 5.00 0 1000
-8.53 -117.63 5.79 0.27 2.55 5.00 278 1000
-8.53 -117.63 -5.79 0.27 3.74 5.00 266 1000
8.67 -118.26 8.84 0.32 0.80 5.00 277 1000
8.67 -118.26 -8.84 0.32 5.49 5.00 299 1000
8.76 -117.63 5.45 0.27 0.56 5.00 14 1000
8.76 -117.63 -5.45 0.27 5.73 5.00 16 1000
-8.81 -119.01 11.44 0.38 2.23 5.00 287 1000
-8.81 -119.01 -11.44 0.38 4.06 5.00 305 1000
-8.85 -120.93 16.32 0.49 2.07 5.00 1 1000
-8.85 -120.93 -16.32 0.49 4.22 5.00 0 1000
-8.89 -126.86 25.30 0.75 1.91 5.00 0 1000
-8.89 -126.86 -25.30 0.75 4.37 5.00 1 1000
-8.97 -117.63 5.10 0.27 2.62 5.00 0 1000
-8.97 -117.63 -5.10 0.27 3.66 5.00 0 1000
-8.97 -137.94 33.91 1.11 1.83 5.00 0 1000
-8.97 -137.94 -33.91 1.11 4.45 5.00 0 1000
-9.00 -119.89 13.84 0.43 2.15 5.00 242 1000
-9.00 -119.89 -13.84 0.43 4.14 5.00 254 1000
-9.01 -118.26 8.49 0.32 2.39 5.00 305 1000
-9.01 -118.26 -8.49 0.32 3.90 5.00 287 1000
9.09 -131.39 29.58 0.91 1.27 5.00 0 1000
9.09 -131.39 -29.58 0.91 5.01 5.00 0 1000
9.11 -122.12 18.51 0.55 1.11 5.00 306 1000
9.11 -122.12 -18.51 0.55 5.17 5.00 290 1000
9.13 -125.06 23.01 0.68 1.19 5.00 294 1000
9.13 -125.06 -23.01 0.68 5.09 5.00 300 1000
9.16 -117.63 4.74 0.27 0.48 5.00 8 1000
9.16 -117.63 -4.74 0.27 5.81 5.00 10 1000
-9.20 -123.49 20.74 0.62 1.99 5.00 292 1000
-9.20 -123.49 -20.74 0.62 4.29 5.00 293 1000
9.26 -119.01 11.08 0.38 0.87 5.00 282 1000
9.26 -119.01 -11.08 0.38 5.41 5.00 270 1000
-9.34 -117.63 4.37 0.27 2.70 5.00 290 1000
-9.34 -117.63 -4.37 0.27 3.58 5.00 310 1000
9.34 -118.26 8.12 0.32 0.72 5.00 293 1000
9.34 -118.26 -8.12 0.32 5.57 5.00 281 1000
-9.49 -142.90 35.90 1.24 1.83 5.00 0 1000
-9.49 -142.90 -35.90 1.24 4.45 5.00 0 1000
9.50 -120.93 15.96 0.49 1.03 5.00 7 1000
9.50 -120.93 -15.96 0.49 5.25 5.00 7 1000
9.51 -117.63 4.00 0.27 0.40 5.00 310 1000
9.51 -117.63 -4.00 0.27 5.89 5.00 315 1000
9.54 -119.89 13.47 0.43 0.95 5.00 273 1000
9.54 -119.89 -13.47 0.43 5.33 5.00 255 1000
-9.58 -128.95 27.25 0.83 1.91 5.00 6 1000
-9.58 -128.95 -27.25 0.83 4.37 5.00 5 1000
-9.66 -117.63 3.61 0.27 2.78 5.00 330 1000
-9.66 -117.63 -3.61 0.27 3.50 5.00 317 1000
-9.66 -118.26 7.75 0.32 2.47 5.00 255 1000
-9.66 -118.26 -7.75 0.32 3.82 5.00 259 1000
-9.69 -119.01 10.71 0.38 2.31 5.00 294 1000
-9.69 -119.01 -10.71 0.38 3.98 5.00 301 1000
9.70 -134.31 31.55 1.00 1.27 5.00 6 1000
9.70 -134.31 -31.55 1.00 5.01 5.00 5 1000
9.80 -117.63 3.23 0.27 0.32 5.00 278 1000
9.80 -117.63 -3.23 0.27 5.97 5.00 277 1000
-9.84 -122.12 18.13 0.55 2.07 5.00 300 1000
-9.84 -122.12 -18.13 0.55 4.22 5.00 291 1000
9.89 -126.86 24.93 0.75 1.19 5.00 1 1000
9.89 -126.86 -24.93 0.75 5.09 5.00 2 1000
-9.92 -117.63 2.83 0.27 2.86 5.00 312 1000
-9.92 -117.63 -2.83 0.27 3.42 5.00 287 1000
9.96 -118.26 7.36 0.32 0.64 5.00 271 1000
9.96 -118.26 -7.36 0.32 5.65 5.00 280 1000
