0.00 -111.25 0.00 0.00 0.00 10.00 285 1000 5.346e-03 1.0e+11
0.00 -111.30 2.07 0.05 1.57 10.00 299 1000 5.346e-03 1.0e+11
0.00 -111.44 4.15 0.09 1.57 10.00 276 1000 5.346e-03 1.0e+11
0.00 -111.69 6.22 0.14 1.57 10.00 267 1000 5.346e-03 1.0e+11
0.00 -112.03 8.29 0.19 1.57 10.00 0 1000 5.346e-03 1.0e+11
0.00 -112.48 10.37 0.24 1.57 10.00 0 1000 5.346e-03 1.0e+11
0.00 -113.04 12.44 0.29 1.57 10.00 0 1000 5.346e-03 1.0e+11
0.00 -113.70 14.51 0.33 1.57 10.00 0 1000 5.346e-03 1.0e+11
0.00 -114.48 16.59 0.38 1.57 10.00 0 1000 5.346e-03 1.0e+11
0.00 -115.38 18.66 0.44 1.57 10.00 0 1000 5.346e-03 1.0e+11
0.00 -116.41 20.73 0.49 1.57 10.00 0 1000 5.346e-03 1.0e+11
0.00 -117.59 22.81 0.54 1.57 10.00 272 1000 5.346e-03 1.0e+11
0.00 -118.92 24.88 0.60 1.57 10.00 298 1000 5.346e-03 1.0e+11
0.00 -120.42 26.95 0.66 1.57 10.00 274 1000 5.346e-03 1.0e+11
0.00 -122.12 29.03 0.72 1.57 10.00 280 1000 5.346e-03 1.0e+11
0.00 -124.04 31.10 0.78 1.57 10.00 261 1000 5.346e-03 1.0e+11
0.00 -126.24 33.17 0.85 1.57 10.00 0 1000 5.346e-03 1.0e+11
0.00 -128.78 35.24 0.92 1.57 10.00 0 1000 5.346e-03 1.0e+11
0.00 -131.76 37.32 1.01 1.57 10.00 0 1000 5.346e-03 1.0e+11
0.00 -135.40 39.39 1.10 1.57 10.00 0 1000 5.346e-03 1.0e+11
0.17 -111.30 2.07 0.05 1.49 10.00 292 1000 5.346e-03 1.0e+11
0.34 -111.30 2.04 0.05 1.41 10.00 292 1000 5.346e-03 1.0e+11
0.34 -111.44 4.13 0.09 1.49 10.00 272 1000 5.346e-03 1.0e+11
0.51 -111.30 2.01 0.05 1.32 10.00 292 1000 5.346e-03 1.0e+11
0.51 -111.69 6.20 0.14 1.49 10.00 273 1000 5.346e-03 1.0e+11
0.67 -111.30 1.96 0.05 1.24 10.00 292 1000 5.346e-03 1.0e+11
0.68 -111.44 4.09 0.09 1.41 10.00 283 1000 5.346e-03 1.0e+11
0.68 -112.03 8.26 0.19 1.49 10.00 0 1000 5.346e-03 1.0e+11
0.83 -111.30 1.90 0.05 1.16 10.00 296 1000 5.346e-03 1.0e+11
0.86 -112.48 10.33 0.24 1.49 10.00 0 1000 5.346e-03 1.0e+11
0.99 -111.30 1.82 0.05 1.07 10.00 296 1000 5.346e-03 1.0e+11
10.05 -112.48 2.54 0.24 0.25 10.00 264 1000 5.346e-03 1.0e+11
10.10 -124.04 29.41 0.78 1.24 10.00 0 1000 5.346e-03 1.0e+11
10.19 -114.48 13.09 0.38 0.91 10.00 254 1000 5.346e-03 1.0e+11
10.21 -115.38 15.62 0.44 0.99 10.00 259 1000 5.346e-03 1.0e+11
10.22 -112.48 1.71 0.24 0.17 10.00 301 1000 5.346e-03 1.0e+11
1.02 -111.44 4.02 0.09 1.32 10.00 284 1000 5.346e-03 1.0e+11
1.02 -111.69 6.13 0.14 1.41 10.00 264 1000 5.346e-03 1.0e+11
10.33 -112.48 0.86 0.24 0.08 10.00 300 1000 5.346e-03 1.0e+11
10.37 -112.48 0.00 0.24 0.00 10.00 269 1000 5.346e-03 1.0e+11
1.03 -113.04 12.40 0.29 1.49 10.00 271 1000 5.346e-03 1.0e+11
10.41 -113.04 6.80 0.29 0.58 10.00 1 1000 5.346e-03 1.0e+11
10.68 -113.70 9.83 0.33 0.74 10.00 269 1000 5.346e-03 1.0e+11
10.77 -126.24 31.37 0.85 1.24 10.00 0 1000 5.346e-03 1.0e+11
10.83 -120.42 24.68 0.66 1.16 10.00 284 1000 5.346e-03 1.0e+11
10.85 -117.59 20.06 0.54 1.07 10.00 270 1000 5.346e-03 1.0e+11
10.94 -113.04 5.92 0.29 0.50 10.00 0 1000 5.346e-03 1.0e+11
11.23 -114.48 12.20 0.38 0.83 10.00 280 1000 5.346e-03 1.0e+11
11.34 -116.41 17.36 0.49 0.99 10.00 0 1000 5.346e-03 1.0e+11
11.39 -113.04 5.00 0.29 0.41 10.00 263 1000 5.346e-03 1.0e+11
1.13 -111.30 1.74 0.05 0.99 10.00 293 1000 5.346e-03 1.0e+11
11.44 -128.78 33.34 0.92 1.24 10.00 0 1000 5.346e-03 1.0e+11
11.45 -113.70 8.91 0.33 0.66 10.00 260 1000 5.346e-03 1.0e+11
11.46 -115.38 14.72 0.44 0.91 10.00 257 1000 5.346e-03 1.0e+11
11.66 -122.12 26.58 0.72 1.16 10.00 282 1000 5.346e-03 1.0e+11
11.77 -113.04 4.04 0.29 0.33 10.00 256 1000 5.346e-03 1.0e+11
11.84 -118.92 21.88 0.60 1.07 10.00 288 1000 5.346e-03 1.0e+11
12.06 -113.04 3.05 0.29 0.25 10.00 296 1000 5.346e-03 1.0e+11
1.20 -113.70 14.46 0.33 1.49 10.00 267 1000 5.346e-03 1.0e+11
12.12 -131.76 35.30 1.01 1.24 10.00 0 1000 5.346e-03 1.0e+11
12.15 -113.70 7.94 0.33 0.58 10.00 0 1000 5.346e-03 1.0e+11
12.20 -114.48 11.23 0.38 0.74 10.00 266 1000 5.346e-03 1.0e+11
12.27 -113.04 2.05 0.29 0.17 10.00 293 1000 5.346e-03 1.0e+11
12.40 -113.04 1.03 0.29 0.08 10.00 302 1000 5.346e-03 1.0e+11
12.44 -113.04 0.00 0.29 0.00 10.00 290 1000 5.346e-03 1.0e+11
12.47 -117.59 19.09 0.54 0.99 10.00 259 1000 5.346e-03 1.0e+11
12.49 -124.04 28.48 0.78 1.16 10.00 0 1000 5.346e-03 1.0e+11
12.64 -115.38 13.73 0.44 0.83 10.00 256 1000 5.346e-03 1.0e+11
12.73 -116.41 16.36 0.49 0.91 10.00 0 1000 5.346e-03 1.0e+11
12.76 -113.70 6.91 0.33 0.50 10.00 0 1000 5.346e-03 1.0e+11
12.79 -135.40 37.26 1.10 1.24 10.00 0 1000 5.346e-03 1.0e+11
1.27 -111.30 1.64 0.05 0.91 10.00 293 1000 5.346e-03 1.0e+11
12.83 -120.42 23.70 0.66 1.07 10.00 283 1000 5.346e-03 1.0e+11
13.09 -114.48 10.19 0.38 0.66 10.00 0 1000 5.346e-03 1.0e+11
13.29 -113.70 5.83 0.33 0.41 10.00 261 1000 5.346e-03 1.0e+11
13.32 -126.24 30.38 0.85 1.16 10.00 0 1000 5.346e-03 1.0e+11
1.35 -111.44 3.92 0.09 1.24 10.00 273 1000 5.346e-03 1.0e+11
13.61 -118.92 20.83 0.60 0.99 10.00 274 1000 5.346e-03 1.0e+11
1.36 -112.03 8.18 0.19 1.41 10.00 0 1000 5.346e-03 1.0e+11
13.73 -113.70 4.71 0.33 0.33 10.00 288 1000 5.346e-03 1.0e+11
13.73 -115.38 12.64 0.44 0.74 10.00 0 1000 5.346e-03 1.0e+11
1.37 -114.48 16.53 0.38 1.49 10.00 0 1000 5.346e-03 1.0e+11
13.81 -122.12 25.53 0.72 1.07 10.00 278 1000 5.346e-03 1.0e+11
13.89 -114.48 9.07 0.38 0.58 10.00 0 1000 5.346e-03 1.0e+11
14.01 -117.59 18.00 0.54 0.91 10.00 234 1000 5.346e-03 1.0e+11
14.04 -116.41 15.25 0.49 0.83 10.00 0 1000 5.346e-03 1.0e+11
14.07 -113.70 3.56 0.33 0.25 10.00 283 1000 5.346e-03 1.0e+11
1.40 -111.30 1.53 0.05 0.83 10.00 293 1000 5.346e-03 1.0e+11
14.16 -128.78 32.28 0.92 1.16 10.00 0 1000 5.346e-03 1.0e+11
14.31 -113.70 2.39 0.33 0.17 10.00 290 1000 5.346e-03 1.0e+11
14.46 -113.70 1.20 0.33 0.08 10.00 287 1000 5.346e-03 1.0e+11
14.51 -113.70 0.00 0.33 0.00 10.00 284 1000 5.346e-03 1.0e+11
14.59 -114.48 7.89 0.38 0.50 10.00 0 1000 5.346e-03 1.0e+11
14.72 -115.38 11.46 0.44 0.66 10.00 0 1000 5.346e-03 1.0e+11
14.74 -120.42 22.56 0.66 0.99 10.00 284 1000 5.346e-03 1.0e+11
14.80 -124.04 27.35 0.78 1.07 10.00 1 1000 5.346e-03 1.0e+11
14.99 -131.76 34.17 1.01 1.16 10.00 0 1000 5.346e-03 1.0e+11
15.19 -114.48 6.66 0.38 0.41 10.00 0 1000 5.346e-03 1.0e+11
15.25 -116.41 14.04 0.49 0.74 10.00 0 1000 5.346e-03 1.0e+11
15.28 -118.92 19.63 0.60 0.91 10.00 256 1000 5.346e-03 1.0e+11
1.53 -111.30 1.40 0.05 0.74 10.00 293 1000 5.346e-03 1.0e+11
1.53 -111.69 6.03 0.14 1.32 10.00 275 1000 5.346e-03 1.0e+11
15.45 -117.59 16.78 0.54 0.83 10.00 0 1000 5.346e-03 1.0e+11
1.54 -115.38 18.60 0.44 1.49 10.00 0 1000 5.346e-03 1.0e+11
15.62 -115.38 10.21 0.44 0.58 10.00 0 1000 5.346e-03 1.0e+11
15.69 -114.48 5.39 0.38 0.33 10.00 268 1000 5.346e-03 1.0e+11
15.79 -126.24 29.17 0.85 1.07 10.00 0 1000 5.346e-03 1.0e+11
15.82 -135.40 36.07 1.10 1.16 10.00 0 1000 5.346e-03 1.0e+11
15.88 -122.12 24.30 0.72 0.99 10.00 276 1000 5.346e-03 1.0e+11
16.08 -114.48 4.07 0.38 0.25 10.00 289 1000 5.346e-03 1.0e+11
16.36 -114.48 2.73 0.38 0.17 10.00 271 1000 5.346e-03 1.0e+11
16.36 -116.41 12.73 0.49 0.66 10.00 0 1000 5.346e-03 1.0e+11
16.41 -115.38 8.88 0.44 0.50 10.00 0 1000 5.346e-03 1.0e+11
1.64 -111.30 1.27 0.05 0.66 10.00 293 1000 5.346e-03 1.0e+11
16.53 -114.48 1.37 0.38 0.08 10.00 296 1000 5.346e-03 1.0e+11
16.55 -120.42 21.27 0.66 0.91 10.00 279 1000 5.346e-03 1.0e+11
16.59 -114.48 0.00 0.38 0.00 10.00 289 1000 5.346e-03 1.0e+11
16.77 -128.78 31.00 0.92 1.07 10.00 0 1000 5.346e-03 1.0e+11
16.78 -117.59 15.45 0.54 0.74 10.00 0 1000 5.346e-03 1.0e+11
1.67 -111.44 3.80 0.09 1.16 10.00 275 1000 5.346e-03 1.0e+11
16.85 -118.92 18.30 0.60 0.83 10.00 271 1000 5.346e-03 1.0e+11
17.01 -124.04 26.03 0.78 0.99 10.00 1 1000 5.346e-03 1.0e+11
17.09 -115.38 7.50 0.44 0.41 10.00 0 1000 5.346e-03 1.0e+11
1.71 -112.48 10.22 0.24 1.41 10.00 256 1000 5.346e-03 1.0e+11
1.71 -116.41 20.66 0.49 1.49 10.00 0 1000 5.346e-03 1.0e+11
17.36 -116.41 11.34 0.49 0.58 10.00 0 1000 5.346e-03 1.0e+11
1.74 -111.30 1.13 0.05 0.58 10.00 293 1000 5.346e-03 1.0e+11
17.65 -115.38 6.06 0.44 0.33 10.00 0 1000 5.346e-03 1.0e+11
17.76 -131.76 32.82 1.01 1.07 10.00 0 1000 5.346e-03 1.0e+11
17.83 -122.12 22.90 0.72 0.91 10.00 271 1000 5.346e-03 1.0e+11
18.00 -117.59 14.01 0.54 0.66 10.00 261 1000 5.346e-03 1.0e+11
18.09 -115.38 4.58 0.44 0.25 10.00 0 1000 5.346e-03 1.0e+11
18.14 -126.24 27.77 0.85 0.99 10.00 0 1000 5.346e-03 1.0e+11
18.23 -116.41 9.87 0.49 0.50 10.00 0 1000 5.346e-03 1.0e+11
18.25 -120.42 19.83 0.66 0.83 10.00 257 1000 5.346e-03 1.0e+11
1.82 -111.30 0.99 0.05 0.50 10.00 290 1000 5.346e-03 1.0e+11
18.30 -118.92 16.85 0.60 0.74 10.00 265 1000 5.346e-03 1.0e+11
18.40 -115.38 3.07 0.44 0.17 10.00 260 1000 5.346e-03 1.0e+11
18.60 -115.38 1.54 0.44 0.08 10.00 263 1000 5.346e-03 1.0e+11
18.66 -115.38 0.00 0.44 0.00 10.00 267 1000 5.346e-03 1.0e+11
18.75 -135.40 34.64 1.10 1.07 10.00 0 1000 5.346e-03 1.0e+11
1.88 -117.59 22.73 0.54 1.49 10.00 296 1000 5.346e-03 1.0e+11
18.99 -116.41 8.33 0.49 0.41 10.00 0 1000 5.346e-03 1.0e+11
19.09 -117.59 12.47 0.54 0.58 10.00 293 1000 5.346e-03 1.0e+11
1.90 -111.30 0.83 0.05 0.41 10.00 290 1000 5.346e-03 1.0e+11
19.10 -124.04 24.54 0.78 0.91 10.00 0 1000 5.346e-03 1.0e+11
19.28 -128.78 29.51 0.92 0.99 10.00 0 1000 5.346e-03 1.0e+11
19.61 -116.41 6.73 0.49 0.33 10.00 0 1000 5.346e-03 1.0e+11
19.63 -118.92 15.28 0.60 0.66 10.00 273 1000 5.346e-03 1.0e+11
19.66 -122.12 21.35 0.72 0.83 10.00 0 1000 5.346e-03 1.0e+11
1.96 -111.30 0.67 0.05 0.33 10.00 290 1000 5.346e-03 1.0e+11
1.97 -111.44 3.65 0.09 1.07 10.00 281 1000 5.346e-03 1.0e+11
19.83 -120.42 18.25 0.66 0.74 10.00 267 1000 5.346e-03 1.0e+11
20.06 -117.59 10.85 0.54 0.50 10.00 254 1000 5.346e-03 1.0e+11
20.10 -116.41 5.09 0.49 0.25 10.00 0 1000 5.346e-03 1.0e+11
2.01 -111.30 0.51 0.05 0.25 10.00 297 1000 5.346e-03 1.0e+11
2.02 -111.69 5.88 0.14 1.24 10.00 260 1000 5.346e-03 1.0e+11
20.37 -126.24 26.18 0.85 0.91 10.00 0 1000 5.346e-03 1.0e+11
20.41 -131.76 31.24 1.01 0.99 10.00 0 1000 5.346e-03 1.0e+11
20.45 -116.41 3.41 0.49 0.17 10.00 0 1000 5.346e-03 1.0e+11
2.04 -111.30 0.34 0.05 0.17 10.00 297 1000 5.346e-03 1.0e+11
2.04 -112.03 8.04 0.19 1.32 10.00 0 1000 5.346e-03 1.0e+11
2.05 -113.04 12.27 0.29 1.41 10.00 275 1000 5.346e-03 1.0e+11
2.05 -118.92 24.79 0.60 1.49 10.00 276 1000 5.346e-03 1.0e+11
20.66 -116.41 1.71 0.49 0.08 10.00 0 1000 5.346e-03 1.0e+11
20.73 -116.41 0.00 0.49 0.00 10.00 0 1000 5.346e-03 1.0e+11
2.07 -111.30 0.00 0.05 0.00 10.00 296 1000 5.346e-03 1.0e+11
2.07 -111.30 0.17 0.05 0.08 10.00 296 1000 5.346e-03 1.0e+11
20.83 -118.92 13.61 0.60 0.58 10.00 275 1000 5.346e-03 1.0e+11
20.88 -117.59 9.16 0.54 0.41 10.00 257 1000 5.346e-03 1.0e+11
21.06 -124.04 22.88 0.78 0.83 10.00 0 1000 5.346e-03 1.0e+11
21.27 -120.42 16.55 0.66 0.66 10.00 283 1000 5.346e-03 1.0e+11
21.35 -122.12 19.66 0.72 0.74 10.00 0 1000 5.346e-03 1.0e+11
21.55 -135.40 32.98 1.10 0.99 10.00 0 1000 5.346e-03 1.0e+11
21.57 -117.59 7.40 0.54 0.33 10.00 0 1000 5.346e-03 1.0e+11
21.65 -128.78 27.81 0.92 0.91 10.00 0 1000 5.346e-03 1.0e+11
21.88 -118.92 11.84 0.60 0.50 10.00 286 1000 5.346e-03 1.0e+11
22.11 -117.59 5.60 0.54 0.25 10.00 0 1000 5.346e-03 1.0e+11
2.23 -120.42 26.86 0.66 1.49 10.00 285 1000 5.346e-03 1.0e+11
22.47 -126.24 24.41 0.85 0.83 10.00 0 1000 5.346e-03 1.0e+11
22.49 -117.59 3.75 0.54 0.17 10.00 268 1000 5.346e-03 1.0e+11
22.56 -120.42 14.74 0.66 0.58 10.00 288 1000 5.346e-03 1.0e+11
22.73 -117.59 1.88 0.54 0.08 10.00 280 1000 5.346e-03 1.0e+11
22.78 -118.92 9.99 0.60 0.41 10.00 284 1000 5.346e-03 1.0e+11
2.27 -111.44 3.47 0.09 0.99 10.00 263 1000 5.346e-03 1.0e+11
22.81 -117.59 0.00 0.54 0.00 10.00 276 1000 5.346e-03 1.0e+11
22.88 -124.04 21.06 0.78 0.74 10.00 0 1000 5.346e-03 1.0e+11
22.90 -122.12 17.83 0.72 0.66 10.00 259 1000 5.346e-03 1.0e+11
22.92 -131.76 29.45 1.01 0.91 10.00 0 1000 5.346e-03 1.0e+11
23.53 -118.92 8.08 0.60 0.33 10.00 264 1000 5.346e-03 1.0e+11
23.70 -120.42 12.83 0.66 0.50 10.00 283 1000 5.346e-03 1.0e+11
23.87 -128.78 25.93 0.92 0.83 10.00 0 1000 5.346e-03 1.0e+11
2.39 -113.70 14.31 0.33 1.41 10.00 278 1000 5.346e-03 1.0e+11
2.40 -122.12 28.93 0.72 1.49 10.00 259 1000 5.346e-03 1.0e+11
24.12 -118.92 6.11 0.60 0.25 10.00 0 1000 5.346e-03 1.0e+11
24.19 -135.40 31.09 1.10 0.91 10.00 0 1000 5.346e-03 1.0e+11
24.30 -122.12 15.88 0.72 0.58 10.00 262 1000 5.346e-03 1.0e+11
24.41 -126.24 22.47 0.85 0.74 10.00 0 1000 5.346e-03 1.0e+11
24.54 -118.92 4.09 0.60 0.17 10.00 270 1000 5.346e-03 1.0e+11
24.54 -124.04 19.10 0.78 0.66 10.00 0 1000 5.346e-03 1.0e+11
24.68 -120.42 10.83 0.66 0.41 10.00 282 1000 5.346e-03 1.0e+11
24.79 -118.92 2.05 0.60 0.08 10.00 275 1000 5.346e-03 1.0e+11
24.88 -118.92 0.00 0.60 0.00 10.00 301 1000 5.346e-03 1.0e+11
2.50 -111.69 5.70 0.14 1.16 10.00 275 1000 5.346e-03 1.0e+11
25.27 -131.76 27.46 1.01 0.83 10.00 0 1000 5.346e-03 1.0e+11
25.49 -120.42 8.75 0.66 0.33 10.00 242 1000 5.346e-03 1.0e+11
2.54 -112.48 10.05 0.24 1.32 10.00 274 1000 5.346e-03 1.0e+11
25.53 -122.12 13.81 0.72 0.50 10.00 278 1000 5.346e-03 1.0e+11
2.55 -111.44 3.27 0.09 0.91 10.00 265 1000 5.346e-03 1.0e+11
2.57 -124.04 30.99 0.78 1.49 10.00 0 1000 5.346e-03 1.0e+11
25.93 -128.78 23.87 0.92 0.74 10.00 0 1000 5.346e-03 1.0e+11
26.03 -124.04 17.01 0.78 0.58 10.00 2 1000 5.346e-03 1.0e+11
26.13 -120.42 6.62 0.66 0.25 10.00 0 1000 5.346e-03 1.0e+11
26.18 -126.24 20.37 0.85 0.66 10.00 0 1000 5.346e-03 1.0e+11
26.58 -120.42 4.44 0.66 0.17 10.00 266 1000 5.346e-03 1.0e+11
26.58 -122.12 11.66 0.72 0.41 10.00 280 1000 5.346e-03 1.0e+11
26.68 -135.40 28.98 1.10 0.83 10.00 0 1000 5.346e-03 1.0e+11
26.86 -120.42 2.23 0.66 0.08 10.00 291 1000 5.346e-03 1.0e+11
26.95 -120.42 0.00 0.66 0.00 10.00 274 1000 5.346e-03 1.0e+11
2.69 -112.03 7.84 0.19 1.24 10.00 276 1000 5.346e-03 1.0e+11
27.35 -124.04 14.80 0.78 0.50 10.00 1 1000 5.346e-03 1.0e+11
2.73 -114.48 16.36 0.38 1.41 10.00 282 1000 5.346e-03 1.0e+11
27.45 -122.12 9.42 0.72 0.33 10.00 1 1000 5.346e-03 1.0e+11
27.46 -131.76 25.27 1.01 0.74 10.00 0 1000 5.346e-03 1.0e+11
2.74 -126.24 33.06 0.85 1.49 10.00 0 1000 5.346e-03 1.0e+11
27.77 -126.24 18.14 0.85 0.58 10.00 0 1000 5.346e-03 1.0e+11
27.81 -128.78 21.65 0.92 0.66 10.00 0 1000 5.346e-03 1.0e+11
28.14 -122.12 7.13 0.72 0.25 10.00 0 1000 5.346e-03 1.0e+11
2.81 -111.44 3.05 0.09 0.83 10.00 266 1000 5.346e-03 1.0e+11
28.48 -124.04 12.49 0.78 0.41 10.00 0 1000 5.346e-03 1.0e+11
28.63 -122.12 4.78 0.72 0.17 10.00 259 1000 5.346e-03 1.0e+11
28.93 -122.12 2.40 0.72 0.08 10.00 269 1000 5.346e-03 1.0e+11
28.98 -135.40 26.68 1.10 0.74 10.00 0 1000 5.346e-03 1.0e+11
29.03 -122.12 0.00 0.72 0.00 10.00 260 1000 5.346e-03 1.0e+11
29.17 -126.24 15.79 0.85 0.50 10.00 0 1000 5.346e-03 1.0e+11
2.91 -128.78 35.12 0.92 1.49 10.00 0 1000 5.346e-03 1.0e+11
29.41 -124.04 10.10 0.78 0.33 10.00 0 1000 5.346e-03 1.0e+11
29.45 -131.76 22.92 1.01 0.66 10.00 0 1000 5.346e-03 1.0e+11
29.51 -128.78 19.28 0.92 0.58 10.00 0 1000 5.346e-03 1.0e+11
2.96 -111.69 5.47 0.14 1.07 10.00 280 1000 5.346e-03 1.0e+11
30.15 -124.04 7.63 0.78 0.25 10.00 0 1000 5.346e-03 1.0e+11
30.38 -126.24 13.32 0.85 0.41 10.00 0 1000 5.346e-03 1.0e+11
3.05 -111.44 2.81 0.09 0.74 10.00 261 1000 5.346e-03 1.0e+11
3.05 -113.04 12.06 0.29 1.32 10.00 264 1000 5.346e-03 1.0e+11
30.67 -124.04 5.12 0.78 0.17 10.00 0 1000 5.346e-03 1.0e+11
3.07 -115.38 18.40 0.44 1.41 10.00 0 1000 5.346e-03 1.0e+11
3.08 -131.76 37.19 1.01 1.49 10.00 0 1000 5.346e-03 1.0e+11
30.99 -124.04 2.57 0.78 0.08 10.00 0 1000 5.346e-03 1.0e+11
31.00 -128.78 16.77 0.92 0.50 10.00 0 1000 5.346e-03 1.0e+11
31.09 -135.40 24.19 1.10 0.66 10.00 0 1000 5.346e-03 1.0e+11
31.10 -124.04 0.00 0.78 0.00 10.00 261 1000 5.346e-03 1.0e+11
31.24 -131.76 20.41 1.01 0.58 10.00 0 1000 5.346e-03 1.0e+11
31.37 -126.24 10.77 0.85 0.33 10.00 0 1000 5.346e-03 1.0e+11
32.16 -126.24 8.14 0.85 0.25 10.00 0 1000 5.346e-03 1.0e+11
32.28 -128.78 14.16 0.92 0.41 10.00 0 1000 5.346e-03 1.0e+11
3.25 -135.40 39.26 1.10 1.49 10.00 0 1000 5.346e-03 1.0e+11
32.72 -126.24 5.46 0.85 0.17 10.00 0 1000 5.346e-03 1.0e+11
3.27 -111.44 2.55 0.09 0.66 10.00 265 1000 5.346e-03 1.0e+11
32.82 -131.76 17.76 1.01 0.50 10.00 0 1000 5.346e-03 1.0e+11
32.98 -135.40 21.55 1.10 0.58 10.00 0 1000 5.346e-03 1.0e+11
33.06 -126.24 2.74 0.85 0.08 10.00 0 1000 5.346e-03 1.0e+11
33.17 -126.24 0.00 0.85 0.00 10.00 0 1000 5.346e-03 1.0e+11
33.34 -128.78 11.44 0.92 0.33 10.00 0 1000 5.346e-03 1.0e+11
3.33 -112.03 7.59 0.19 1.16 10.00 253 1000 5.346e-03 1.0e+11
3.37 -112.48 9.80 0.24 1.24 10.00 265 1000 5.346e-03 1.0e+11
3.40 -111.69 5.21 0.14 0.99 10.00 285 1000 5.346e-03 1.0e+11
34.17 -128.78 8.65 0.92 0.25 10.00 0 1000 5.346e-03 1.0e+11
34.17 -131.76 14.99 1.01 0.41 10.00 0 1000 5.346e-03 1.0e+11
3.41 -116.41 20.45 0.49 1.41 10.00 0 1000 5.346e-03 1.0e+11
34.64 -135.40 18.75 1.10 0.50 10.00 0 1000 5.346e-03 1.0e+11
34.76 -128.78 5.80 0.92 0.17 10.00 0 1000 5.346e-03 1.0e+11
3.47 -111.44 2.27 0.09 0.58 10.00 265 1000 5.346e-03 1.0e+11
35.12 -128.78 2.91 0.92 0.08 10.00 0 1000 5.346e-03 1.0e+11
35.24 -128.78 0.00 0.92 0.00 10.00 0 1000 5.346e-03 1.0e+11
35.30 -131.76 12.12 1.01 0.33 10.00 0 1000 5.346e-03 1.0e+11
3.56 -113.70 14.07 0.33 1.32 10.00 273 1000 5.346e-03 1.0e+11
36.07 -135.40 15.82 1.10 0.41 10.00 1 1000 5.346e-03 1.0e+11
36.18 -131.76 9.16 1.01 0.25 10.00 0 1000 5.346e-03 1.0e+11
3.65 -111.44 1.97 0.09 0.50 10.00 268 1000 5.346e-03 1.0e+11
36.81 -131.76 6.14 1.01 0.17 10.00 0 1000 5.346e-03 1.0e+11
37.19 -131.76 3.08 1.01 0.08 10.00 0 1000 5.346e-03 1.0e+11
37.26 -135.40 12.79 1.10 0.33 10.00 0 1000 5.346e-03 1.0e+11
37.32 -131.76 0.00 1.01 0.00 10.00 0 1000 5.346e-03 1.0e+11
3.75 -117.59 22.49 0.54 1.41 10.00 235 1000 5.346e-03 1.0e+11
3.80 -111.44 1.67 0.09 0.41 10.00 265 1000 5.346e-03 1.0e+11
38.19 -135.40 9.67 1.10 0.25 10.00 0 1000 5.346e-03 1.0e+11
3.82 -111.69 4.91 0.14 0.91 10.00 273 1000 5.346e-03 1.0e+11
38.85 -135.40 6.48 1.10 0.17 10.00 0 1000 5.346e-03 1.0e+11
39.26 -135.40 3.25 1.10 0.08 10.00 0 1000 5.346e-03 1.0e+11
3.92 -111.44 1.35 0.09 0.33 10.00 265 1000 5.346e-03 1.0e+11
39.39 -135.40 0.00 1.10 0.00 10.00 0 1000 5.346e-03 1.0e+11
3.95 -112.03 7.29 0.19 1.07 10.00 253 1000 5.346e-03 1.0e+11
4.02 -111.44 1.02 0.09 0.25 10.00 270 1000 5.346e-03 1.0e+11
4.04 -113.04 11.77 0.29 1.24 10.00 289 1000 5.346e-03 1.0e+11
4.07 -114.48 16.08 0.38 1.32 10.00 225 1000 5.346e-03 1.0e+11
4.09 -111.44 0.68 0.09 0.17 10.00 258 1000 5.346e-03 1.0e+11
4.09 -118.92 24.54 0.60 1.41 10.00 276 1000 5.346e-03 1.0e+11
4.13 -111.44 0.34 0.09 0.08 10.00 275 1000 5.346e-03 1.0e+11
4.15 -111.44 0.00 0.09 0.00 10.00 268 1000 5.346e-03 1.0e+11
4.16 -112.48 9.49 0.24 1.16 10.00 292 1000 5.346e-03 1.0e+11
4.21 -111.69 4.58 0.14 0.83 10.00 268 1000 5.346e-03 1.0e+11
4.44 -120.42 26.58 0.66 1.41 10.00 286 1000 5.346e-03 1.0e+11
4.54 -112.03 6.94 0.19 0.99 10.00 262 1000 5.346e-03 1.0e+11
4.58 -111.69 4.21 0.14 0.74 10.00 272 1000 5.346e-03 1.0e+11
4.58 -115.38 18.09 0.44 1.32 10.00 0 1000 5.346e-03 1.0e+11
4.71 -113.70 13.73 0.33 1.24 10.00 279 1000 5.346e-03 1.0e+11
4.78 -122.12 28.63 0.72 1.41 10.00 255 1000 5.346e-03 1.0e+11
4.91 -111.69 3.82 0.14 0.66 10.00 271 1000 5.346e-03 1.0e+11
4.93 -112.48 9.12 0.24 1.07 10.00 277 1000 5.346e-03 1.0e+11
5.00 -113.04 11.39 0.29 1.16 10.00 278 1000 5.346e-03 1.0e+11
5.09 -112.03 6.54 0.19 0.91 10.00 254 1000 5.346e-03 1.0e+11
5.09 -116.41 20.10 0.49 1.32 10.00 0 1000 5.346e-03 1.0e+11
5.12 -124.04 30.67 0.78 1.41 10.00 0 1000 5.346e-03 1.0e+11
5.21 -111.69 3.40 0.14 0.58 10.00 282 1000 5.346e-03 1.0e+11
5.39 -114.48 15.69 0.38 1.24 10.00 263 1000 5.346e-03 1.0e+11
5.46 -126.24 32.72 0.85 1.41 10.00 0 1000 5.346e-03 1.0e+11
5.47 -111.69 2.96 0.14 0.50 10.00 299 1000 5.346e-03 1.0e+11
5.60 -117.59 22.11 0.54 1.32 10.00 0 1000 5.346e-03 1.0e+11
5.62 -112.03 6.10 0.19 0.83 10.00 253 1000 5.346e-03 1.0e+11
5.67 -112.48 8.68 0.24 0.99 10.00 292 1000 5.346e-03 1.0e+11
5.70 -111.69 2.50 0.14 0.41 10.00 287 1000 5.346e-03 1.0e+11
5.80 -128.78 34.76 0.92 1.41 10.00 0 1000 5.346e-03 1.0e+11
5.83 -113.70 13.29 0.33 1.16 10.00 287 1000 5.346e-03 1.0e+11
5.88 -111.69 2.02 0.14 0.33 10.00 231 1000 5.346e-03 1.0e+11
5.92 -113.04 10.94 0.29 1.07 10.00 287 1000 5.346e-03 1.0e+11
6.03 -111.69 1.53 0.14 0.25 10.00 270 1000 5.346e-03 1.0e+11
6.06 -115.38 17.65 0.44 1.24 10.00 249 1000 5.346e-03 1.0e+11
6.10 -112.03 5.62 0.19 0.74 10.00 0 1000 5.346e-03 1.0e+11
6.11 -118.92 24.12 0.60 1.32 10.00 0 1000 5.346e-03 1.0e+11
6.13 -111.69 1.02 0.14 0.17 10.00 269 1000 5.346e-03 1.0e+11
6.14 -131.76 36.81 1.01 1.41 10.00 0 1000 5.346e-03 1.0e+11
6.20 -111.69 0.51 0.14 0.08 10.00 259 1000 5.346e-03 1.0e+11
6.22 -111.69 0.00 0.14 0.00 10.00 267 1000 5.346e-03 1.0e+11
6.37 -112.48 8.18 0.24 0.91 10.00 262 1000 5.346e-03 1.0e+11
6.48 -135.40 38.85 1.10 1.41 10.00 0 1000 5.346e-03 1.0e+11
6.54 -112.03 5.09 0.19 0.66 10.00 0 1000 5.346e-03 1.0e+11
6.62 -120.42 26.13 0.66 1.32 10.00 0 1000 5.346e-03 1.0e+11
6.66 -114.48 15.19 0.38 1.16 10.00 283 1000 5.346e-03 1.0e+11
6.73 -116.41 19.61 0.49 1.24 10.00 0 1000 5.346e-03 1.0e+11
6.80 -113.04 10.41 0.29 0.99 10.00 293 1000 5.346e-03 1.0e+11
6.91 -113.70 12.76 0.33 1.07 10.00 289 1000 5.346e-03 1.0e+11
6.94 -112.03 4.54 0.19 0.58 10.00 0 1000 5.346e-03 1.0e+11
7.02 -112.48 7.63 0.24 0.83 10.00 262 1000 5.346e-03 1.0e+11
7.13 -122.12 28.14 0.72 1.32 10.00 0 1000 5.346e-03 1.0e+11
7.29 -112.03 3.95 0.19 0.50 10.00 0 1000 5.346e-03 1.0e+11
7.40 -117.59 21.57 0.54 1.24 10.00 0 1000 5.346e-03 1.0e+11
7.50 -115.38 17.09 0.44 1.16 10.00 247 1000 5.346e-03 1.0e+11
7.59 -112.03 3.33 0.19 0.41 10.00 0 1000 5.346e-03 1.0e+11
7.63 -112.48 7.02 0.24 0.74 10.00 261 1000 5.346e-03 1.0e+11
7.63 -124.04 30.15 0.78 1.32 10.00 0 1000 5.346e-03 1.0e+11
7.64 -113.04 9.82 0.29 0.91 10.00 283 1000 5.346e-03 1.0e+11
7.84 -112.03 2.69 0.19 0.33 10.00 0 1000 5.346e-03 1.0e+11
7.89 -114.48 14.59 0.38 1.07 10.00 299 1000 5.346e-03 1.0e+11
7.94 -113.70 12.15 0.33 0.99 10.00 283 1000 5.346e-03 1.0e+11
8.04 -112.03 2.04 0.19 0.25 10.00 0 1000 5.346e-03 1.0e+11
8.08 -118.92 23.53 0.60 1.24 10.00 260 1000 5.346e-03 1.0e+11
8.14 -126.24 32.16 0.85 1.32 10.00 0 1000 5.346e-03 1.0e+11
8.18 -112.03 1.36 0.19 0.17 10.00 240 1000 5.346e-03 1.0e+11
8.18 -112.48 6.37 0.24 0.66 10.00 258 1000 5.346e-03 1.0e+11
8.26 -112.03 0.68 0.19 0.08 10.00 280 1000 5.346e-03 1.0e+11
8.29 -112.03 0.00 0.19 0.00 10.00 239 1000 5.346e-03 1.0e+11
8.33 -116.41 18.99 0.49 1.16 10.00 0 1000 5.346e-03 1.0e+11
8.42 -113.04 9.15 0.29 0.83 10.00 290 1000 5.346e-03 1.0e+11
8.65 -128.78 34.17 0.92 1.32 10.00 0 1000 5.346e-03 1.0e+11
8.68 -112.48 5.67 0.24 0.58 10.00 0 1000 5.346e-03 1.0e+11
8.75 -120.42 25.49 0.66 1.24 10.00 262 1000 5.346e-03 1.0e+11
8.88 -115.38 16.41 0.44 1.07 10.00 292 1000 5.346e-03 1.0e+11
8.91 -113.70 11.45 0.33 0.91 10.00 293 1000 5.346e-03 1.0e+11
9.07 -114.48 13.89 0.38 0.99 10.00 311 1000 5.346e-03 1.0e+11
9.12 -112.48 4.93 0.24 0.50 10.00 0 1000 5.346e-03 1.0e+11
9.15 -113.04 8.42 0.29 0.74 10.00 254 1000 5.346e-03 1.0e+11
9.16 -117.59 20.88 0.54 1.16 10.00 260 1000 5.346e-03 1.0e+11
9.16 -131.76 36.18 1.01 1.32 10.00 0 1000 5.346e-03 1.0e+11
9.42 -122.12 27.45 0.72 1.24 10.00 1 1000 5.346e-03 1.0e+11
9.49 -112.48 4.16 0.24 0.41 10.00 242 1000 5.346e-03 1.0e+11
9.67 -135.40 38.19 1.10 1.32 10.00 0 1000 5.346e-03 1.0e+11
9.80 -112.48 3.37 0.24 0.33 10.00 254 1000 5.346e-03 1.0e+11
9.82 -113.04 7.64 0.29 0.66 10.00 242 1000 5.346e-03 1.0e+11
9.83 -113.70 10.68 0.33 0.83 10.00 268 1000 5.346e-03 1.0e+11
9.87 -116.41 18.23 0.49 1.07 10.00 0 1000 5.346e-03 1.0e+11
9.99 -118.92 22.78 0.60 1.16 10.00 271 1000 5.346e-03 1.0e+11
