0.00 -103.65 101.78 1.10 1.57 80.00 0 1000 2.430e-04 1.0e+11
0.00 -41.25 0.00 0.00 0.00 80.00 0 1000 2.430e-04 1.0e+11
0.00 -41.38 5.36 0.05 1.57 80.00 0 1000 2.430e-04 1.0e+11
0.00 -41.75 10.71 0.09 1.57 80.00 0 1000 2.430e-04 1.0e+11
0.00 -42.39 16.07 0.14 1.57 80.00 0 1000 2.430e-04 1.0e+11
0.00 -43.28 21.43 0.19 1.57 80.00 0 1000 2.430e-04 1.0e+11
0.00 -44.44 26.78 0.24 1.57 80.00 0 1000 2.430e-04 1.0e+11
0.00 -45.87 32.14 0.29 1.57 80.00 0 1000 2.430e-04 1.0e+11
0.00 -47.58 37.50 0.33 1.57 80.00 0 1000 2.430e-04 1.0e+11
0.00 -49.60 42.85 0.38 1.57 80.00 0 1000 2.430e-04 1.0e+11
0.00 -51.92 48.21 0.44 1.57 80.00 0 1000 2.430e-04 1.0e+11
0.00 -54.59 53.57 0.49 1.57 80.00 0 1000 2.430e-04 1.0e+11
0.00 -57.62 58.92 0.54 1.57 80.00 0 1000 2.430e-04 1.0e+11
0.00 -61.06 64.28 0.60 1.57 80.00 0 1000 2.430e-04 1.0e+11
0.00 -64.94 69.64 0.66 1.57 80.00 0 1000 2.430e-04 1.0e+11
0.00 -69.32 74.99 0.72 1.57 80.00 0 1000 2.430e-04 1.0e+11
0.00 -74.30 80.35 0.78 1.57 80.00 0 1000 2.430e-04 1.0e+11
0.00 -79.98 85.71 0.85 1.57 80.00 0 1000 2.430e-04 1.0e+11
0.00 -86.54 91.06 0.92 1.57 80.00 0 1000 2.430e-04 1.0e+11
0.00 -94.25 96.42 1.01 1.57 80.00 0 1000 2.430e-04 1.0e+11
0.44 -41.38 5.34 0.05 1.49 80.00 0 1000 2.430e-04 1.0e+11
0.88 -41.38 5.28 0.05 1.41 80.00 0 1000 2.430e-04 1.0e+11
0.88 -41.75 10.68 0.09 1.49 80.00 0 1000 2.430e-04 1.0e+11
100.39 -103.65 16.75 1.10 0.17 80.00 0 1000 2.430e-04 1.0e+11
10.13 -41.75 3.48 0.09 0.33 80.00 0 1000 2.430e-04 1.0e+11
101.43 -103.65 8.40 1.10 0.08 80.00 0 1000 2.430e-04 1.0e+11
101.78 -103.65 0.00 1.10 0.00 80.00 0 1000 2.430e-04 1.0e+11
10.20 -43.28 18.84 0.19 1.07 80.00 0 1000 2.430e-04 1.0e+11
10.39 -41.75 2.63 0.09 0.25 80.00 0 1000 2.430e-04 1.0e+11
10.44 -45.87 30.40 0.29 1.24 80.00 0 1000 2.430e-04 1.0e+11
10.52 -49.60 41.54 0.38 1.32 80.00 0 1000 2.430e-04 1.0e+11
10.57 -41.75 1.76 0.09 0.17 80.00 0 1000 2.430e-04 1.0e+11
10.58 -61.06 63.40 0.60 1.41 80.00 0 1000 2.430e-04 1.0e+11
10.68 -41.75 0.88 0.09 0.08 80.00 0 1000 2.430e-04 1.0e+11
10.71 -41.75 0.00 0.09 0.00 80.00 0 1000 2.430e-04 1.0e+11
10.76 -44.44 24.53 0.24 1.16 80.00 0 1000 2.430e-04 1.0e+11
10.88 -42.39 11.82 0.14 0.83 80.00 0 1000 2.430e-04 1.0e+11
11.46 -64.94 68.69 0.66 1.41 80.00 0 1000 2.430e-04 1.0e+11
11.72 -43.28 17.94 0.19 0.99 80.00 0 1000 2.430e-04 1.0e+11
11.82 -42.39 10.88 0.14 0.74 80.00 0 1000 2.430e-04 1.0e+11
11.83 -51.92 46.73 0.44 1.32 80.00 0 1000 2.430e-04 1.0e+11
12.18 -47.58 35.46 0.33 1.24 80.00 0 1000 2.430e-04 1.0e+11
12.34 -69.32 73.97 0.72 1.41 80.00 0 1000 2.430e-04 1.0e+11
12.68 -42.39 9.87 0.14 0.66 80.00 0 1000 2.430e-04 1.0e+11
12.75 -44.44 23.56 0.24 1.07 80.00 0 1000 2.430e-04 1.0e+11
12.91 -45.87 29.43 0.29 1.16 80.00 0 1000 2.430e-04 1.0e+11
13.15 -54.59 51.93 0.49 1.32 80.00 0 1000 2.430e-04 1.0e+11
13.16 -43.28 16.91 0.19 0.91 80.00 0 1000 2.430e-04 1.0e+11
1.31 -41.38 5.19 0.05 1.32 80.00 0 1000 2.430e-04 1.0e+11
13.23 -74.30 79.25 0.78 1.41 80.00 0 1000 2.430e-04 1.0e+11
1.33 -42.39 16.01 0.14 1.49 80.00 0 1000 2.430e-04 1.0e+11
13.45 -42.39 8.79 0.14 0.58 80.00 0 1000 2.430e-04 1.0e+11
13.91 -49.60 40.53 0.38 1.24 80.00 0 1000 2.430e-04 1.0e+11
14.11 -79.98 84.54 0.85 1.41 80.00 0 1000 2.430e-04 1.0e+11
14.13 -42.39 7.65 0.14 0.50 80.00 0 1000 2.430e-04 1.0e+11
14.46 -57.62 57.12 0.54 1.32 80.00 0 1000 2.430e-04 1.0e+11
14.51 -43.28 15.76 0.19 0.83 80.00 0 1000 2.430e-04 1.0e+11
14.65 -44.44 22.42 0.24 0.99 80.00 0 1000 2.430e-04 1.0e+11
14.72 -42.39 6.46 0.14 0.41 80.00 0 1000 2.430e-04 1.0e+11
14.99 -86.54 89.82 0.92 1.41 80.00 0 1000 2.430e-04 1.0e+11
15.06 -47.58 34.34 0.33 1.16 80.00 0 1000 2.430e-04 1.0e+11
15.20 -42.39 5.22 0.14 0.33 80.00 0 1000 2.430e-04 1.0e+11
15.30 -45.87 28.27 0.29 1.07 80.00 0 1000 2.430e-04 1.0e+11
15.58 -42.39 3.94 0.14 0.25 80.00 0 1000 2.430e-04 1.0e+11
15.65 -51.92 45.60 0.44 1.24 80.00 0 1000 2.430e-04 1.0e+11
15.76 -43.28 14.51 0.19 0.74 80.00 0 1000 2.430e-04 1.0e+11
15.78 -61.06 62.31 0.60 1.32 80.00 0 1000 2.430e-04 1.0e+11
15.85 -42.39 2.65 0.14 0.17 80.00 0 1000 2.430e-04 1.0e+11
15.87 -94.25 95.10 1.01 1.41 80.00 0 1000 2.430e-04 1.0e+11
16.01 -42.39 1.33 0.14 0.08 80.00 0 1000 2.430e-04 1.0e+11
16.07 -42.39 0.00 0.14 0.00 80.00 0 1000 2.430e-04 1.0e+11
16.45 -44.44 21.14 0.24 0.91 80.00 0 1000 2.430e-04 1.0e+11
16.75 -103.65 100.39 1.10 1.41 80.00 0 1000 2.430e-04 1.0e+11
16.91 -43.28 13.16 0.19 0.66 80.00 0 1000 2.430e-04 1.0e+11
17.09 -64.94 67.51 0.66 1.32 80.00 0 1000 2.430e-04 1.0e+11
17.21 -49.60 39.24 0.38 1.16 80.00 0 1000 2.430e-04 1.0e+11
17.39 -54.59 50.66 0.49 1.24 80.00 0 1000 2.430e-04 1.0e+11
1.74 -41.38 5.07 0.05 1.24 80.00 0 1000 2.430e-04 1.0e+11
17.58 -45.87 26.91 0.29 0.99 80.00 0 1000 2.430e-04 1.0e+11
1.76 -41.75 10.57 0.09 1.41 80.00 0 1000 2.430e-04 1.0e+11
1.77 -43.28 21.35 0.19 1.49 80.00 0 1000 2.430e-04 1.0e+11
17.85 -47.58 32.98 0.33 1.07 80.00 0 1000 2.430e-04 1.0e+11
17.94 -43.28 11.72 0.19 0.58 80.00 0 1000 2.430e-04 1.0e+11
18.14 -44.44 19.70 0.24 0.83 80.00 0 1000 2.430e-04 1.0e+11
18.41 -69.32 72.70 0.72 1.32 80.00 0 1000 2.430e-04 1.0e+11
18.84 -43.28 10.20 0.19 0.50 80.00 0 1000 2.430e-04 1.0e+11
19.13 -57.62 55.73 0.54 1.24 80.00 0 1000 2.430e-04 1.0e+11
19.37 -51.92 44.15 0.44 1.16 80.00 0 1000 2.430e-04 1.0e+11
19.62 -43.28 8.61 0.19 0.41 80.00 0 1000 2.430e-04 1.0e+11
19.70 -44.44 18.14 0.24 0.74 80.00 0 1000 2.430e-04 1.0e+11
19.72 -74.30 77.89 0.78 1.32 80.00 0 1000 2.430e-04 1.0e+11
19.74 -45.87 25.36 0.29 0.91 80.00 0 1000 2.430e-04 1.0e+11
20.27 -43.28 6.96 0.19 0.33 80.00 0 1000 2.430e-04 1.0e+11
20.40 -49.60 37.69 0.38 1.07 80.00 0 1000 2.430e-04 1.0e+11
20.51 -47.58 31.39 0.33 0.99 80.00 0 1000 2.430e-04 1.0e+11
20.77 -43.28 5.26 0.19 0.25 80.00 0 1000 2.430e-04 1.0e+11
20.87 -61.06 60.80 0.60 1.24 80.00 0 1000 2.430e-04 1.0e+11
21.04 -79.98 83.08 0.85 1.32 80.00 0 1000 2.430e-04 1.0e+11
21.13 -43.28 3.53 0.19 0.17 80.00 0 1000 2.430e-04 1.0e+11
21.14 -44.44 16.45 0.24 0.66 80.00 0 1000 2.430e-04 1.0e+11
21.35 -43.28 1.77 0.19 0.08 80.00 0 1000 2.430e-04 1.0e+11
21.43 -43.28 0.00 0.19 0.00 80.00 0 1000 2.430e-04 1.0e+11
21.52 -54.59 49.05 0.49 1.16 80.00 0 1000 2.430e-04 1.0e+11
2.15 -41.38 4.91 0.05 1.16 80.00 0 1000 2.430e-04 1.0e+11
21.77 -45.87 23.65 0.29 0.83 80.00 0 1000 2.430e-04 1.0e+11
2.21 -44.44 26.69 0.24 1.49 80.00 0 1000 2.430e-04 1.0e+11
22.35 -86.54 88.28 0.92 1.32 80.00 0 1000 2.430e-04 1.0e+11
22.42 -44.44 14.65 0.24 0.58 80.00 0 1000 2.430e-04 1.0e+11
22.61 -64.94 65.86 0.66 1.24 80.00 0 1000 2.430e-04 1.0e+11
22.95 -51.92 42.40 0.44 1.07 80.00 0 1000 2.430e-04 1.0e+11
23.03 -47.58 29.59 0.33 0.91 80.00 0 1000 2.430e-04 1.0e+11
23.44 -49.60 35.88 0.38 0.99 80.00 0 1000 2.430e-04 1.0e+11
23.56 -44.44 12.75 0.24 0.50 80.00 0 1000 2.430e-04 1.0e+11
23.65 -45.87 21.77 0.29 0.74 80.00 0 1000 2.430e-04 1.0e+11
23.67 -57.62 53.96 0.54 1.16 80.00 0 1000 2.430e-04 1.0e+11
23.67 -94.25 93.47 1.01 1.32 80.00 0 1000 2.430e-04 1.0e+11
24.35 -69.32 70.93 0.72 1.24 80.00 0 1000 2.430e-04 1.0e+11
24.53 -44.44 10.76 0.24 0.41 80.00 0 1000 2.430e-04 1.0e+11
24.98 -103.65 98.66 1.10 1.32 80.00 0 1000 2.430e-04 1.0e+11
25.33 -44.44 8.70 0.24 0.33 80.00 0 1000 2.430e-04 1.0e+11
25.36 -45.87 19.74 0.29 0.66 80.00 0 1000 2.430e-04 1.0e+11
25.40 -47.58 27.59 0.33 0.83 80.00 0 1000 2.430e-04 1.0e+11
25.49 -54.59 47.11 0.49 1.07 80.00 0 1000 2.430e-04 1.0e+11
2.55 -41.38 4.71 0.05 1.07 80.00 0 1000 2.430e-04 1.0e+11
25.82 -61.06 58.87 0.60 1.16 80.00 0 1000 2.430e-04 1.0e+11
25.96 -44.44 6.57 0.24 0.25 80.00 0 1000 2.430e-04 1.0e+11
26.09 -74.30 76.00 0.78 1.24 80.00 0 1000 2.430e-04 1.0e+11
26.32 -49.60 33.82 0.38 0.91 80.00 0 1000 2.430e-04 1.0e+11
26.37 -51.92 40.36 0.44 0.99 80.00 0 1000 2.430e-04 1.0e+11
2.63 -41.75 10.39 0.09 1.32 80.00 0 1000 2.430e-04 1.0e+11
26.42 -44.44 4.41 0.24 0.17 80.00 0 1000 2.430e-04 1.0e+11
2.65 -42.39 15.85 0.14 1.41 80.00 0 1000 2.430e-04 1.0e+11
2.65 -45.87 32.03 0.29 1.49 80.00 0 1000 2.430e-04 1.0e+11
26.69 -44.44 2.21 0.24 0.08 80.00 0 1000 2.430e-04 1.0e+11
26.78 -44.44 0.00 0.24 0.00 80.00 0 1000 2.430e-04 1.0e+11
26.91 -45.87 17.58 0.29 0.58 80.00 0 1000 2.430e-04 1.0e+11
27.59 -47.58 25.40 0.33 0.74 80.00 0 1000 2.430e-04 1.0e+11
27.83 -79.98 81.06 0.85 1.24 80.00 0 1000 2.430e-04 1.0e+11
27.97 -64.94 63.77 0.66 1.16 80.00 0 1000 2.430e-04 1.0e+11
28.04 -57.62 51.82 0.54 1.07 80.00 0 1000 2.430e-04 1.0e+11
28.27 -45.87 15.30 0.29 0.50 80.00 0 1000 2.430e-04 1.0e+11
29.02 -49.60 31.53 0.38 0.83 80.00 0 1000 2.430e-04 1.0e+11
29.30 -54.59 44.84 0.49 0.99 80.00 0 1000 2.430e-04 1.0e+11
2.93 -41.38 4.48 0.05 0.99 80.00 0 1000 2.430e-04 1.0e+11
29.43 -45.87 12.91 0.29 0.41 80.00 0 1000 2.430e-04 1.0e+11
29.57 -86.54 86.13 0.92 1.24 80.00 0 1000 2.430e-04 1.0e+11
29.59 -47.58 23.03 0.33 0.66 80.00 0 1000 2.430e-04 1.0e+11
29.61 -51.92 38.04 0.44 0.91 80.00 0 1000 2.430e-04 1.0e+11
30.12 -69.32 68.68 0.72 1.16 80.00 0 1000 2.430e-04 1.0e+11
30.40 -45.87 10.44 0.29 0.33 80.00 0 1000 2.430e-04 1.0e+11
30.59 -61.06 56.53 0.60 1.07 80.00 0 1000 2.430e-04 1.0e+11
3.10 -47.58 37.37 0.33 1.49 80.00 0 1000 2.430e-04 1.0e+11
31.16 -45.87 7.89 0.29 0.25 80.00 0 1000 2.430e-04 1.0e+11
31.31 -94.25 91.19 1.01 1.24 80.00 0 1000 2.430e-04 1.0e+11
31.39 -47.58 20.51 0.33 0.58 80.00 0 1000 2.430e-04 1.0e+11
31.53 -49.60 29.02 0.38 0.74 80.00 0 1000 2.430e-04 1.0e+11
31.70 -45.87 5.29 0.29 0.17 80.00 0 1000 2.430e-04 1.0e+11
32.03 -45.87 2.65 0.29 0.08 80.00 0 1000 2.430e-04 1.0e+11
32.14 -45.87 0.00 0.29 0.00 80.00 0 1000 2.430e-04 1.0e+11
32.23 -57.62 49.33 0.54 0.99 80.00 0 1000 2.430e-04 1.0e+11
32.28 -74.30 73.58 0.78 1.16 80.00 0 1000 2.430e-04 1.0e+11
32.65 -51.92 35.47 0.44 0.83 80.00 0 1000 2.430e-04 1.0e+11
32.90 -54.59 42.27 0.49 0.91 80.00 0 1000 2.430e-04 1.0e+11
32.98 -47.58 17.85 0.33 0.50 80.00 0 1000 2.430e-04 1.0e+11
3.29 -41.38 4.23 0.05 0.91 80.00 0 1000 2.430e-04 1.0e+11
33.05 -103.65 96.26 1.10 1.24 80.00 0 1000 2.430e-04 1.0e+11
33.14 -64.94 61.24 0.66 1.07 80.00 0 1000 2.430e-04 1.0e+11
33.82 -49.60 26.32 0.38 0.66 80.00 0 1000 2.430e-04 1.0e+11
34.34 -47.58 15.06 0.33 0.41 80.00 0 1000 2.430e-04 1.0e+11
34.43 -79.98 78.49 0.85 1.16 80.00 0 1000 2.430e-04 1.0e+11
3.48 -41.75 10.13 0.09 1.24 80.00 0 1000 2.430e-04 1.0e+11
35.16 -61.06 53.81 0.60 0.99 80.00 0 1000 2.430e-04 1.0e+11
3.53 -43.28 21.13 0.19 1.41 80.00 0 1000 2.430e-04 1.0e+11
35.46 -47.58 12.18 0.33 0.33 80.00 0 1000 2.430e-04 1.0e+11
35.47 -51.92 32.65 0.44 0.74 80.00 0 1000 2.430e-04 1.0e+11
3.54 -49.60 42.71 0.38 1.49 80.00 0 1000 2.430e-04 1.0e+11
35.69 -69.32 65.95 0.72 1.07 80.00 0 1000 2.430e-04 1.0e+11
35.88 -49.60 23.44 0.38 0.58 80.00 0 1000 2.430e-04 1.0e+11
36.19 -57.62 46.50 0.54 0.91 80.00 0 1000 2.430e-04 1.0e+11
36.28 -54.59 39.41 0.49 0.83 80.00 0 1000 2.430e-04 1.0e+11
36.35 -47.58 9.20 0.33 0.25 80.00 0 1000 2.430e-04 1.0e+11
3.63 -41.38 3.94 0.05 0.83 80.00 0 1000 2.430e-04 1.0e+11
36.58 -86.54 83.39 0.92 1.16 80.00 0 1000 2.430e-04 1.0e+11
36.98 -47.58 6.17 0.33 0.17 80.00 0 1000 2.430e-04 1.0e+11
37.37 -47.58 3.10 0.33 0.08 80.00 0 1000 2.430e-04 1.0e+11
37.50 -47.58 0.00 0.33 0.00 80.00 0 1000 2.430e-04 1.0e+11
37.69 -49.60 20.40 0.38 0.50 80.00 0 1000 2.430e-04 1.0e+11
38.04 -51.92 29.61 0.44 0.66 80.00 0 1000 2.430e-04 1.0e+11
38.09 -64.94 58.30 0.66 0.99 80.00 0 1000 2.430e-04 1.0e+11
38.24 -74.30 70.67 0.78 1.07 80.00 0 1000 2.430e-04 1.0e+11
38.73 -94.25 88.30 1.01 1.16 80.00 0 1000 2.430e-04 1.0e+11
39.24 -49.60 17.21 0.38 0.41 80.00 0 1000 2.430e-04 1.0e+11
39.41 -54.59 36.28 0.49 0.74 80.00 0 1000 2.430e-04 1.0e+11
39.48 -61.06 50.73 0.60 0.91 80.00 0 1000 2.430e-04 1.0e+11
3.94 -41.38 3.63 0.05 0.74 80.00 0 1000 2.430e-04 1.0e+11
3.94 -42.39 15.58 0.14 1.32 80.00 0 1000 2.430e-04 1.0e+11
3.98 -51.92 48.04 0.44 1.49 80.00 0 1000 2.430e-04 1.0e+11
39.91 -57.62 43.35 0.54 0.83 80.00 0 1000 2.430e-04 1.0e+11
40.36 -51.92 26.37 0.44 0.58 80.00 0 1000 2.430e-04 1.0e+11
40.53 -49.60 13.91 0.38 0.33 80.00 0 1000 2.430e-04 1.0e+11
40.79 -79.98 75.38 0.85 1.07 80.00 0 1000 2.430e-04 1.0e+11
40.88 -103.65 93.20 1.10 1.16 80.00 0 1000 2.430e-04 1.0e+11
41.02 -69.32 62.78 0.72 0.99 80.00 0 1000 2.430e-04 1.0e+11
41.54 -49.60 10.52 0.38 0.25 80.00 0 1000 2.430e-04 1.0e+11
42.27 -49.60 7.05 0.38 0.17 80.00 0 1000 2.430e-04 1.0e+11
42.27 -54.59 32.90 0.49 0.66 80.00 0 1000 2.430e-04 1.0e+11
4.23 -41.38 3.29 0.05 0.66 80.00 0 1000 2.430e-04 1.0e+11
42.40 -51.92 22.95 0.44 0.50 80.00 0 1000 2.430e-04 1.0e+11
42.71 -49.60 3.54 0.38 0.08 80.00 0 1000 2.430e-04 1.0e+11
42.77 -64.94 54.95 0.66 0.91 80.00 0 1000 2.430e-04 1.0e+11
42.85 -49.60 0.00 0.38 0.00 80.00 0 1000 2.430e-04 1.0e+11
4.30 -41.75 9.81 0.09 1.16 80.00 0 1000 2.430e-04 1.0e+11
43.34 -86.54 80.09 0.92 1.07 80.00 0 1000 2.430e-04 1.0e+11
43.35 -57.62 39.91 0.54 0.74 80.00 0 1000 2.430e-04 1.0e+11
43.54 -61.06 47.29 0.60 0.83 80.00 0 1000 2.430e-04 1.0e+11
43.95 -74.30 67.27 0.78 0.99 80.00 0 1000 2.430e-04 1.0e+11
44.15 -51.92 19.37 0.44 0.41 80.00 0 1000 2.430e-04 1.0e+11
4.41 -44.44 26.42 0.24 1.41 80.00 0 1000 2.430e-04 1.0e+11
4.42 -54.59 53.38 0.49 1.49 80.00 0 1000 2.430e-04 1.0e+11
44.84 -54.59 29.30 0.49 0.58 80.00 0 1000 2.430e-04 1.0e+11
4.48 -41.38 2.93 0.05 0.58 80.00 0 1000 2.430e-04 1.0e+11
45.60 -51.92 15.65 0.44 0.33 80.00 0 1000 2.430e-04 1.0e+11
45.89 -94.25 84.80 1.01 1.07 80.00 0 1000 2.430e-04 1.0e+11
46.06 -69.32 59.18 0.72 0.91 80.00 0 1000 2.430e-04 1.0e+11
46.50 -57.62 36.19 0.54 0.66 80.00 0 1000 2.430e-04 1.0e+11
46.73 -51.92 11.83 0.44 0.25 80.00 0 1000 2.430e-04 1.0e+11
46.88 -79.98 71.75 0.85 0.99 80.00 0 1000 2.430e-04 1.0e+11
47.11 -54.59 25.49 0.49 0.50 80.00 0 1000 2.430e-04 1.0e+11
47.16 -64.94 51.23 0.66 0.83 80.00 0 1000 2.430e-04 1.0e+11
4.71 -41.38 2.55 0.05 0.50 80.00 0 1000 2.430e-04 1.0e+11
47.29 -61.06 43.54 0.60 0.74 80.00 0 1000 2.430e-04 1.0e+11
47.55 -51.92 7.94 0.44 0.17 80.00 0 1000 2.430e-04 1.0e+11
48.04 -51.92 3.98 0.44 0.08 80.00 0 1000 2.430e-04 1.0e+11
48.21 -51.92 0.00 0.44 0.00 80.00 0 1000 2.430e-04 1.0e+11
48.44 -103.65 89.51 1.10 1.07 80.00 0 1000 2.430e-04 1.0e+11
4.87 -57.62 58.72 0.54 1.49 80.00 0 1000 2.430e-04 1.0e+11
49.05 -54.59 21.52 0.49 0.41 80.00 0 1000 2.430e-04 1.0e+11
4.91 -41.38 2.15 0.05 0.41 80.00 0 1000 2.430e-04 1.0e+11
49.33 -57.62 32.23 0.54 0.58 80.00 0 1000 2.430e-04 1.0e+11
49.35 -74.30 63.41 0.78 0.91 80.00 0 1000 2.430e-04 1.0e+11
49.81 -86.54 76.23 0.92 0.99 80.00 0 1000 2.430e-04 1.0e+11
50.66 -54.59 17.39 0.49 0.33 80.00 0 1000 2.430e-04 1.0e+11
50.73 -61.06 39.48 0.60 0.66 80.00 0 1000 2.430e-04 1.0e+11
50.79 -69.32 55.17 0.72 0.83 80.00 0 1000 2.430e-04 1.0e+11
5.07 -41.38 1.74 0.05 0.33 80.00 0 1000 2.430e-04 1.0e+11
5.10 -41.75 9.42 0.09 1.07 80.00 0 1000 2.430e-04 1.0e+11
51.23 -64.94 47.16 0.66 0.74 80.00 0 1000 2.430e-04 1.0e+11
51.82 -57.62 28.04 0.54 0.50 80.00 0 1000 2.430e-04 1.0e+11
51.93 -54.59 13.15 0.49 0.25 80.00 0 1000 2.430e-04 1.0e+11
5.19 -41.38 1.31 0.05 0.25 80.00 0 1000 2.430e-04 1.0e+11
5.22 -42.39 15.20 0.14 1.24 80.00 0 1000 2.430e-04 1.0e+11
52.64 -79.98 67.63 0.85 0.91 80.00 0 1000 2.430e-04 1.0e+11
5.26 -43.28 20.77 0.19 1.32 80.00 0 1000 2.430e-04 1.0e+11
52.74 -94.25 80.72 1.01 0.99 80.00 0 1000 2.430e-04 1.0e+11
52.84 -54.59 8.82 0.49 0.17 80.00 0 1000 2.430e-04 1.0e+11
5.28 -41.38 0.88 0.05 0.17 80.00 0 1000 2.430e-04 1.0e+11
5.29 -45.87 31.70 0.29 1.41 80.00 0 1000 2.430e-04 1.0e+11
5.31 -61.06 64.06 0.60 1.49 80.00 0 1000 2.430e-04 1.0e+11
53.38 -54.59 4.42 0.49 0.08 80.00 0 1000 2.430e-04 1.0e+11
5.34 -41.38 0.44 0.05 0.08 80.00 0 1000 2.430e-04 1.0e+11
53.57 -54.59 0.00 0.49 0.00 80.00 0 1000 2.430e-04 1.0e+11
5.36 -41.38 0.00 0.05 0.00 80.00 0 1000 2.430e-04 1.0e+11
53.81 -61.06 35.16 0.60 0.58 80.00 0 1000 2.430e-04 1.0e+11
53.96 -57.62 23.67 0.54 0.41 80.00 0 1000 2.430e-04 1.0e+11
54.42 -74.30 59.11 0.78 0.83 80.00 0 1000 2.430e-04 1.0e+11
54.95 -64.94 42.77 0.66 0.66 80.00 0 1000 2.430e-04 1.0e+11
55.17 -69.32 50.79 0.72 0.74 80.00 0 1000 2.430e-04 1.0e+11
55.67 -103.65 85.20 1.10 0.99 80.00 0 1000 2.430e-04 1.0e+11
55.73 -57.62 19.13 0.54 0.33 80.00 0 1000 2.430e-04 1.0e+11
55.93 -86.54 71.86 0.92 0.91 80.00 0 1000 2.430e-04 1.0e+11
56.53 -61.06 30.59 0.60 0.50 80.00 0 1000 2.430e-04 1.0e+11
57.12 -57.62 14.46 0.54 0.25 80.00 0 1000 2.430e-04 1.0e+11
5.75 -64.94 69.40 0.66 1.49 80.00 0 1000 2.430e-04 1.0e+11
58.05 -79.98 63.06 0.85 0.83 80.00 0 1000 2.430e-04 1.0e+11
58.12 -57.62 9.70 0.54 0.17 80.00 0 1000 2.430e-04 1.0e+11
58.30 -64.94 38.09 0.66 0.58 80.00 0 1000 2.430e-04 1.0e+11
5.86 -41.75 8.97 0.09 0.99 80.00 0 1000 2.430e-04 1.0e+11
58.72 -57.62 4.87 0.54 0.08 80.00 0 1000 2.430e-04 1.0e+11
58.87 -61.06 25.82 0.60 0.41 80.00 0 1000 2.430e-04 1.0e+11
58.92 -57.62 0.00 0.54 0.00 80.00 0 1000 2.430e-04 1.0e+11
59.11 -74.30 54.42 0.78 0.74 80.00 0 1000 2.430e-04 1.0e+11
59.18 -69.32 46.06 0.72 0.66 80.00 0 1000 2.430e-04 1.0e+11
59.22 -94.25 76.09 1.01 0.91 80.00 0 1000 2.430e-04 1.0e+11
60.80 -61.06 20.87 0.60 0.33 80.00 0 1000 2.430e-04 1.0e+11
61.24 -64.94 33.14 0.66 0.50 80.00 0 1000 2.430e-04 1.0e+11
61.68 -86.54 67.00 0.92 0.83 80.00 0 1000 2.430e-04 1.0e+11
6.17 -47.58 36.98 0.33 1.41 80.00 0 1000 2.430e-04 1.0e+11
6.19 -69.32 74.74 0.72 1.49 80.00 0 1000 2.430e-04 1.0e+11
62.31 -61.06 15.78 0.60 0.25 80.00 0 1000 2.430e-04 1.0e+11
62.51 -103.65 80.32 1.10 0.91 80.00 0 1000 2.430e-04 1.0e+11
62.78 -69.32 41.02 0.72 0.58 80.00 0 1000 2.430e-04 1.0e+11
63.06 -79.98 58.05 0.85 0.74 80.00 0 1000 2.430e-04 1.0e+11
63.40 -61.06 10.58 0.60 0.17 80.00 0 1000 2.430e-04 1.0e+11
63.41 -74.30 49.35 0.78 0.66 80.00 0 1000 2.430e-04 1.0e+11
63.77 -64.94 27.97 0.66 0.41 80.00 0 1000 2.430e-04 1.0e+11
64.06 -61.06 5.31 0.60 0.08 80.00 0 1000 2.430e-04 1.0e+11
64.28 -61.06 0.00 0.60 0.00 80.00 0 1000 2.430e-04 1.0e+11
6.46 -42.39 14.72 0.14 1.16 80.00 0 1000 2.430e-04 1.0e+11
65.30 -94.25 70.94 1.01 0.83 80.00 0 1000 2.430e-04 1.0e+11
6.57 -44.44 25.96 0.24 1.32 80.00 0 1000 2.430e-04 1.0e+11
65.86 -64.94 22.61 0.66 0.33 80.00 0 1000 2.430e-04 1.0e+11
6.58 -41.75 8.45 0.09 0.91 80.00 0 1000 2.430e-04 1.0e+11
65.95 -69.32 35.69 0.72 0.50 80.00 0 1000 2.430e-04 1.0e+11
6.64 -74.30 80.07 0.78 1.49 80.00 0 1000 2.430e-04 1.0e+11
67.00 -86.54 61.68 0.92 0.74 80.00 0 1000 2.430e-04 1.0e+11
67.27 -74.30 43.95 0.78 0.58 80.00 0 1000 2.430e-04 1.0e+11
67.51 -64.94 17.09 0.66 0.25 80.00 0 1000 2.430e-04 1.0e+11
67.63 -79.98 52.64 0.85 0.66 80.00 0 1000 2.430e-04 1.0e+11
68.68 -69.32 30.12 0.72 0.41 80.00 0 1000 2.430e-04 1.0e+11
68.69 -64.94 11.46 0.66 0.17 80.00 0 1000 2.430e-04 1.0e+11
68.93 -103.65 74.88 1.10 0.83 80.00 0 1000 2.430e-04 1.0e+11
69.40 -64.94 5.75 0.66 0.08 80.00 0 1000 2.430e-04 1.0e+11
69.64 -64.94 0.00 0.66 0.00 80.00 0 1000 2.430e-04 1.0e+11
6.96 -43.28 20.27 0.19 1.24 80.00 0 1000 2.430e-04 1.0e+11
7.05 -49.60 42.27 0.38 1.41 80.00 0 1000 2.430e-04 1.0e+11
70.67 -74.30 38.24 0.78 0.50 80.00 0 1000 2.430e-04 1.0e+11
7.08 -79.98 85.41 0.85 1.49 80.00 0 1000 2.430e-04 1.0e+11
70.93 -69.32 24.35 0.72 0.33 80.00 0 1000 2.430e-04 1.0e+11
70.94 -94.25 65.30 1.01 0.74 80.00 0 1000 2.430e-04 1.0e+11
71.75 -79.98 46.88 0.85 0.58 80.00 0 1000 2.430e-04 1.0e+11
71.86 -86.54 55.93 0.92 0.66 80.00 0 1000 2.430e-04 1.0e+11
7.26 -41.75 7.88 0.09 0.83 80.00 0 1000 2.430e-04 1.0e+11
72.70 -69.32 18.41 0.72 0.25 80.00 0 1000 2.430e-04 1.0e+11
73.58 -74.30 32.28 0.78 0.41 80.00 0 1000 2.430e-04 1.0e+11
73.97 -69.32 12.34 0.72 0.17 80.00 0 1000 2.430e-04 1.0e+11
74.74 -69.32 6.19 0.72 0.08 80.00 0 1000 2.430e-04 1.0e+11
74.88 -103.65 68.93 1.10 0.74 80.00 0 1000 2.430e-04 1.0e+11
74.99 -69.32 0.00 0.72 0.00 80.00 0 1000 2.430e-04 1.0e+11
7.52 -86.54 90.75 0.92 1.49 80.00 0 1000 2.430e-04 1.0e+11
75.38 -79.98 40.79 0.85 0.50 80.00 0 1000 2.430e-04 1.0e+11
76.00 -74.30 26.09 0.78 0.33 80.00 0 1000 2.430e-04 1.0e+11
76.09 -94.25 59.22 1.01 0.66 80.00 0 1000 2.430e-04 1.0e+11
76.23 -86.54 49.81 0.92 0.58 80.00 0 1000 2.430e-04 1.0e+11
7.65 -42.39 14.13 0.14 1.07 80.00 0 1000 2.430e-04 1.0e+11
77.89 -74.30 19.72 0.78 0.25 80.00 0 1000 2.430e-04 1.0e+11
78.49 -79.98 34.43 0.85 0.41 80.00 0 1000 2.430e-04 1.0e+11
7.88 -41.75 7.26 0.09 0.74 80.00 0 1000 2.430e-04 1.0e+11
7.89 -45.87 31.16 0.29 1.32 80.00 0 1000 2.430e-04 1.0e+11
79.25 -74.30 13.23 0.78 0.17 80.00 0 1000 2.430e-04 1.0e+11
7.94 -51.92 47.55 0.44 1.41 80.00 0 1000 2.430e-04 1.0e+11
7.96 -94.25 96.09 1.01 1.49 80.00 0 1000 2.430e-04 1.0e+11
80.07 -74.30 6.64 0.78 0.08 80.00 0 1000 2.430e-04 1.0e+11
80.09 -86.54 43.34 0.92 0.50 80.00 0 1000 2.430e-04 1.0e+11
80.32 -103.65 62.51 1.10 0.66 80.00 0 1000 2.430e-04 1.0e+11
80.35 -74.30 0.00 0.78 0.00 80.00 0 1000 2.430e-04 1.0e+11
80.72 -94.25 52.74 1.01 0.58 80.00 0 1000 2.430e-04 1.0e+11
81.06 -79.98 27.83 0.85 0.33 80.00 0 1000 2.430e-04 1.0e+11
83.08 -79.98 21.04 0.85 0.25 80.00 0 1000 2.430e-04 1.0e+11
83.39 -86.54 36.58 0.92 0.41 80.00 0 1000 2.430e-04 1.0e+11
8.40 -103.65 101.43 1.10 1.49 80.00 0 1000 2.430e-04 1.0e+11
84.54 -79.98 14.11 0.85 0.17 80.00 0 1000 2.430e-04 1.0e+11
8.45 -41.75 6.58 0.09 0.66 80.00 0 1000 2.430e-04 1.0e+11
84.80 -94.25 45.89 1.01 0.50 80.00 0 1000 2.430e-04 1.0e+11
85.20 -103.65 55.67 1.10 0.58 80.00 0 1000 2.430e-04 1.0e+11
85.41 -79.98 7.08 0.85 0.08 80.00 0 1000 2.430e-04 1.0e+11
85.71 -79.98 0.00 0.85 0.00 80.00 0 1000 2.430e-04 1.0e+11
86.13 -86.54 29.57 0.92 0.33 80.00 0 1000 2.430e-04 1.0e+11
8.61 -43.28 19.62 0.19 1.16 80.00 0 1000 2.430e-04 1.0e+11
8.70 -44.44 25.33 0.24 1.24 80.00 0 1000 2.430e-04 1.0e+11
8.79 -42.39 13.45 0.14 0.99 80.00 0 1000 2.430e-04 1.0e+11
88.28 -86.54 22.35 0.92 0.25 80.00 0 1000 2.430e-04 1.0e+11
8.82 -54.59 52.84 0.49 1.41 80.00 0 1000 2.430e-04 1.0e+11
88.30 -94.25 38.73 1.01 0.41 80.00 0 1000 2.430e-04 1.0e+11
89.51 -103.65 48.44 1.10 0.50 80.00 0 1000 2.430e-04 1.0e+11
8.97 -41.75 5.86 0.09 0.58 80.00 0 1000 2.430e-04 1.0e+11
89.82 -86.54 14.99 0.92 0.17 80.00 0 1000 2.430e-04 1.0e+11
90.75 -86.54 7.52 0.92 0.08 80.00 0 1000 2.430e-04 1.0e+11
91.06 -86.54 0.00 0.92 0.00 80.00 0 1000 2.430e-04 1.0e+11
91.19 -94.25 31.31 1.01 0.33 80.00 0 1000 2.430e-04 1.0e+11
9.20 -47.58 36.35 0.33 1.32 80.00 0 1000 2.430e-04 1.0e+11
93.20 -103.65 40.88 1.10 0.41 80.00 0 1000 2.430e-04 1.0e+11
93.47 -94.25 23.67 1.01 0.25 80.00 0 1000 2.430e-04 1.0e+11
9.42 -41.75 5.10 0.09 0.50 80.00 0 1000 2.430e-04 1.0e+11
95.10 -94.25 15.87 1.01 0.17 80.00 0 1000 2.430e-04 1.0e+11
96.09 -94.25 7.96 1.01 0.08 80.00 0 1000 2.430e-04 1.0e+11
96.26 -103.65 33.05 1.10 0.33 80.00 0 1000 2.430e-04 1.0e+11
96.42 -94.25 0.00 1.01 0.00 80.00 0 1000 2.430e-04 1.0e+11
9.70 -57.62 58.12 0.54 1.41 80.00 0 1000 2.430e-04 1.0e+11
9.81 -41.75 4.30 0.09 0.41 80.00 0 1000 2.430e-04 1.0e+11
98.66 -103.65 24.98 1.10 0.25 80.00 0 1000 2.430e-04 1.0e+11
9.87 -42.39 12.68 0.14 0.91 80.00 0 1000 2.430e-04 1.0e+11
