0.00 10.90 100.20 0.54 1.57 160.00 154 1000 1.0e+11 1.221e-02
0.00 -1.53 118.42 0.66 1.57 160.00 148 1000 1.0e+11 1.221e-02
0.00 16.06 91.09 0.49 1.57 160.00 1 1000 1.0e+11 1.221e-02
0.00 -17.45 136.64 0.78 1.57 160.00 4 1000 1.0e+11 1.221e-02
0.00 20.60 81.98 0.44 1.57 160.00 3 1000 1.0e+11 1.221e-02
0.00 24.56 72.87 0.38 1.57 160.00 3 1000 1.0e+11 1.221e-02
0.00 -27.11 145.75 0.85 1.57 160.00 1 1000 1.0e+11 1.221e-02
0.00 27.98 63.76 0.33 1.57 160.00 2 1000 1.0e+11 1.221e-02
0.00 30.90 54.65 0.29 1.57 160.00 3 1000 1.0e+11 1.221e-02
0.00 33.33 45.55 0.24 1.57 160.00 4 1000 1.0e+11 1.221e-02
0.00 35.30 36.44 0.19 1.57 160.00 2 1000 1.0e+11 1.221e-02
0.00 36.82 27.33 0.14 1.57 160.00 2 1000 1.0e+11 1.221e-02
0.00 37.89 18.22 0.09 1.57 160.00 143 1000 1.0e+11 1.221e-02
0.00 -38.26 154.85 0.92 1.57 160.00 2 1000 1.0e+11 1.221e-02
0.00 38.54 9.11 0.05 1.57 160.00 145 1000 1.0e+11 1.221e-02
0.00 38.75 0.00 0.00 0.00 160.00 149 1000 1.0e+11 1.221e-02
0.00 5.07 109.31 0.60 1.57 160.00 142 1000 1.0e+11 1.221e-02
0.00 -51.38 163.96 1.01 1.57 160.00 14 1000 1.0e+11 1.221e-02
0.00 -67.36 173.07 1.10 1.57 160.00 3 1000 1.0e+11 1.221e-02
0.00 -8.99 127.53 0.72 1.57 160.00 160 1000 1.0e+11 1.221e-02
0.75 38.54 9.08 0.05 1.49 160.00 126 1000 1.0e+11 1.221e-02
100.10 5.07 43.91 0.60 0.41 160.00 163 1000 1.0e+11 1.221e-02
100.20 10.90 0.00 0.54 0.00 160.00 159 1000 1.0e+11 1.221e-02
100.53 -17.45 92.54 0.78 0.74 160.00 0 1000 1.0e+11 1.221e-02
100.64 -8.99 78.33 0.72 0.66 160.00 166 1000 1.0e+11 1.221e-02
100.71 -51.38 129.39 1.01 0.91 160.00 1 1000 1.0e+11 1.221e-02
103.39 5.07 35.49 0.60 0.33 160.00 123 1000 1.0e+11 1.221e-02
104.15 -1.53 56.36 0.66 0.50 160.00 134 1000 1.0e+11 1.221e-02
104.88 -38.26 113.93 0.92 0.83 160.00 1 1000 1.0e+11 1.221e-02
10.50 27.98 62.89 0.33 1.41 160.00 128 1000 1.0e+11 1.221e-02
10.53 -8.99 127.09 0.72 1.49 160.00 134 1000 1.0e+11 1.221e-02
105.96 5.07 26.83 0.60 0.25 160.00 7 1000 1.0e+11 1.221e-02
106.30 -67.36 136.58 1.10 0.91 160.00 0 1000 1.0e+11 1.221e-02
106.76 -8.99 69.75 0.72 0.58 160.00 138 1000 1.0e+11 1.221e-02
107.23 -27.11 98.71 0.85 0.74 160.00 1 1000 1.0e+11 1.221e-02
107.82 5.07 17.99 0.60 0.17 160.00 159 1000 1.0e+11 1.221e-02
107.83 -17.45 83.92 0.78 0.66 160.00 3 1000 1.0e+11 1.221e-02
108.44 -1.53 47.57 0.66 0.41 160.00 150 1000 1.0e+11 1.221e-02
108.94 5.07 9.03 0.60 0.08 160.00 179 1000 1.0e+11 1.221e-02
109.31 5.07 0.00 0.60 0.00 160.00 160 1000 1.0e+11 1.221e-02
10.98 36.82 25.03 0.14 1.16 160.00 5 1000 1.0e+11 1.221e-02
111.05 -51.38 120.63 1.01 0.83 160.00 0 1000 1.0e+11 1.221e-02
11.18 33.33 44.15 0.24 1.32 160.00 129 1000 1.0e+11 1.221e-02
11.19 37.89 14.38 0.09 0.91 160.00 146 1000 1.0e+11 1.221e-02
112.00 -1.53 38.45 0.66 0.33 160.00 144 1000 1.0e+11 1.221e-02
112.16 -8.99 60.70 0.72 0.50 160.00 164 1000 1.0e+11 1.221e-02
11.28 -17.45 136.17 0.78 1.49 160.00 2 1000 1.0e+11 1.221e-02
113.93 -38.26 104.88 0.92 0.74 160.00 2 1000 1.0e+11 1.221e-02
114.39 -17.45 74.73 0.78 0.58 160.00 2 1000 1.0e+11 1.221e-02
114.79 -1.53 29.07 0.66 0.25 160.00 119 1000 1.0e+11 1.221e-02
115.01 -27.11 89.52 0.85 0.66 160.00 1 1000 1.0e+11 1.221e-02
116.79 -8.99 51.23 0.72 0.41 160.00 127 1000 1.0e+11 1.221e-02
116.80 -1.53 19.49 0.66 0.17 160.00 143 1000 1.0e+11 1.221e-02
117.22 -67.36 127.33 1.10 0.83 160.00 1 1000 1.0e+11 1.221e-02
118.01 -1.53 9.78 0.66 0.08 160.00 163 1000 1.0e+11 1.221e-02
11.83 35.30 34.46 0.19 1.24 160.00 3 1000 1.0e+11 1.221e-02
118.42 -1.53 0.00 0.66 0.00 160.00 134 1000 1.0e+11 1.221e-02
11.99 24.56 71.88 0.38 1.41 160.00 1 1000 1.0e+11 1.221e-02
120.17 -17.45 65.03 0.78 0.50 160.00 2 1000 1.0e+11 1.221e-02
12.04 -27.11 145.25 0.85 1.49 160.00 0 1000 1.0e+11 1.221e-02
120.62 -8.99 41.41 0.72 0.33 160.00 107 1000 1.0e+11 1.221e-02
120.63 -51.38 111.05 1.01 0.74 160.00 2 1000 1.0e+11 1.221e-02
122.01 -27.11 79.72 0.85 0.58 160.00 0 1000 1.0e+11 1.221e-02
122.20 -38.26 95.11 0.92 0.66 160.00 1 1000 1.0e+11 1.221e-02
12.34 37.89 13.40 0.09 0.83 160.00 135 1000 1.0e+11 1.221e-02
123.62 -8.99 31.31 0.72 0.25 160.00 3 1000 1.0e+11 1.221e-02
125.13 -17.45 54.89 0.78 0.41 160.00 4 1000 1.0e+11 1.221e-02
125.79 -8.99 20.99 0.72 0.17 160.00 137 1000 1.0e+11 1.221e-02
127.09 -8.99 10.53 0.72 0.08 160.00 152 1000 1.0e+11 1.221e-02
127.33 -67.36 117.22 1.10 0.74 160.00 0 1000 1.0e+11 1.221e-02
127.53 -8.99 0.00 0.72 0.00 160.00 168 1000 1.0e+11 1.221e-02
12.79 -38.26 154.33 0.92 1.49 160.00 3 1000 1.0e+11 1.221e-02
128.18 -27.11 69.37 0.85 0.50 160.00 2 1000 1.0e+11 1.221e-02
129.23 -17.45 44.37 0.78 0.33 160.00 1 1000 1.0e+11 1.221e-02
129.39 -51.38 100.71 1.01 0.66 160.00 1 1000 1.0e+11 1.221e-02
129.64 -38.26 84.70 0.92 0.58 160.00 2 1000 1.0e+11 1.221e-02
13.01 36.82 24.03 0.14 1.07 160.00 5 1000 1.0e+11 1.221e-02
132.46 -17.45 33.54 0.78 0.25 160.00 0 1000 1.0e+11 1.221e-02
133.47 -27.11 58.55 0.85 0.41 160.00 0 1000 1.0e+11 1.221e-02
13.40 37.89 12.34 0.09 0.74 160.00 141 1000 1.0e+11 1.221e-02
13.42 30.90 52.98 0.29 1.32 160.00 138 1000 1.0e+11 1.221e-02
134.77 -17.45 22.49 0.78 0.17 160.00 2 1000 1.0e+11 1.221e-02
13.49 20.60 80.86 0.44 1.41 160.00 2 1000 1.0e+11 1.221e-02
13.54 -51.38 163.40 1.01 1.49 160.00 1 1000 1.0e+11 1.221e-02
136.17 -17.45 11.28 0.78 0.08 160.00 4 1000 1.0e+11 1.221e-02
136.19 -38.26 73.70 0.92 0.50 160.00 2 1000 1.0e+11 1.221e-02
136.58 -67.36 106.30 1.10 0.66 160.00 0 1000 1.0e+11 1.221e-02
136.64 -17.45 0.00 0.78 0.00 160.00 2 1000 1.0e+11 1.221e-02
137.26 -51.38 89.68 1.01 0.58 160.00 2 1000 1.0e+11 1.221e-02
137.85 -27.11 47.32 0.85 0.33 160.00 0 1000 1.0e+11 1.221e-02
141.29 -27.11 35.78 0.85 0.25 160.00 1 1000 1.0e+11 1.221e-02
141.81 -38.26 62.20 0.92 0.41 160.00 1 1000 1.0e+11 1.221e-02
14.29 -67.36 172.48 1.10 1.49 160.00 0 1000 1.0e+11 1.221e-02
143.76 -27.11 23.99 0.85 0.17 160.00 2 1000 1.0e+11 1.221e-02
14.38 37.89 11.19 0.09 0.66 160.00 134 1000 1.0e+11 1.221e-02
144.20 -51.38 78.04 1.01 0.50 160.00 1 1000 1.0e+11 1.221e-02
144.89 -67.36 94.66 1.10 0.58 160.00 0 1000 1.0e+11 1.221e-02
145.25 -27.11 12.04 0.85 0.08 160.00 1 1000 1.0e+11 1.221e-02
145.75 -27.11 0.00 0.85 0.00 160.00 2 1000 1.0e+11 1.221e-02
146.46 -38.26 50.28 0.92 0.33 160.00 0 1000 1.0e+11 1.221e-02
14.64 35.30 33.37 0.19 1.16 160.00 126 1000 1.0e+11 1.221e-02
14.79 33.33 43.08 0.24 1.24 160.00 160 1000 1.0e+11 1.221e-02
14.95 36.82 22.88 0.14 0.99 160.00 3 1000 1.0e+11 1.221e-02
14.99 16.06 89.85 0.49 1.41 160.00 4 1000 1.0e+11 1.221e-02
150.12 -38.26 38.01 0.92 0.25 160.00 1 1000 1.0e+11 1.221e-02
150.15 -51.38 65.86 1.01 0.41 160.00 2 1000 1.0e+11 1.221e-02
1.50 37.89 18.16 0.09 1.49 160.00 134 1000 1.0e+11 1.221e-02
1.50 38.54 8.98 0.05 1.41 160.00 148 1000 1.0e+11 1.221e-02
152.21 -67.36 82.37 1.10 0.50 160.00 0 1000 1.0e+11 1.221e-02
15.25 37.89 9.96 0.09 0.58 160.00 139 1000 1.0e+11 1.221e-02
152.74 -38.26 25.49 0.92 0.17 160.00 1 1000 1.0e+11 1.221e-02
154.33 -38.26 12.79 0.92 0.08 160.00 0 1000 1.0e+11 1.221e-02
154.85 -38.26 0.00 0.92 0.00 160.00 2 1000 1.0e+11 1.221e-02
155.08 -51.38 53.24 1.01 0.33 160.00 2 1000 1.0e+11 1.221e-02
15.65 27.98 61.81 0.33 1.32 160.00 148 1000 1.0e+11 1.221e-02
158.50 -67.36 69.52 1.10 0.41 160.00 1 1000 1.0e+11 1.221e-02
158.95 -51.38 40.25 1.01 0.25 160.00 2 1000 1.0e+11 1.221e-02
16.02 37.89 8.67 0.09 0.50 160.00 151 1000 1.0e+11 1.221e-02
161.73 -51.38 26.99 1.01 0.17 160.00 1 1000 1.0e+11 1.221e-02
163.40 -51.38 13.54 1.01 0.08 160.00 0 1000 1.0e+11 1.221e-02
163.69 -67.36 56.20 1.10 0.33 160.00 0 1000 1.0e+11 1.221e-02
163.96 -51.38 0.00 1.01 0.00 160.00 1 1000 1.0e+11 1.221e-02
16.49 10.90 98.83 0.54 1.41 160.00 133 1000 1.0e+11 1.221e-02
16.68 37.89 7.32 0.09 0.41 160.00 162 1000 1.0e+11 1.221e-02
167.78 -67.36 42.49 1.10 0.25 160.00 0 1000 1.0e+11 1.221e-02
16.78 36.82 21.57 0.14 0.91 160.00 3 1000 1.0e+11 1.221e-02
170.71 -67.36 28.49 1.10 0.17 160.00 0 1000 1.0e+11 1.221e-02
17.23 37.89 5.92 0.09 0.33 160.00 137 1000 1.0e+11 1.221e-02
172.48 -67.36 14.29 1.10 0.08 160.00 0 1000 1.0e+11 1.221e-02
173.07 -67.36 0.00 1.10 0.00 160.00 1 1000 1.0e+11 1.221e-02
17.34 35.30 32.04 0.19 1.07 160.00 132 1000 1.0e+11 1.221e-02
17.66 37.89 4.47 0.09 0.25 160.00 143 1000 1.0e+11 1.221e-02
17.75 30.90 51.69 0.29 1.24 160.00 131 1000 1.0e+11 1.221e-02
17.89 24.56 70.64 0.38 1.32 160.00 121 1000 1.0e+11 1.221e-02
17.97 37.89 3.00 0.09 0.17 160.00 156 1000 1.0e+11 1.221e-02
17.99 5.07 107.82 0.60 1.41 160.00 133 1000 1.0e+11 1.221e-02
18.16 37.89 1.50 0.09 0.08 160.00 147 1000 1.0e+11 1.221e-02
18.22 37.89 0.00 0.09 0.00 160.00 161 1000 1.0e+11 1.221e-02
18.30 33.33 41.71 0.24 1.16 160.00 138 1000 1.0e+11 1.221e-02
18.51 36.82 20.11 0.14 0.83 160.00 2 1000 1.0e+11 1.221e-02
19.49 -1.53 116.80 0.66 1.41 160.00 133 1000 1.0e+11 1.221e-02
19.93 35.30 30.50 0.19 0.99 160.00 117 1000 1.0e+11 1.221e-02
20.11 36.82 18.51 0.14 0.74 160.00 4 1000 1.0e+11 1.221e-02
20.13 20.60 79.47 0.44 1.32 160.00 128 1000 1.0e+11 1.221e-02
20.70 27.98 60.31 0.33 1.24 160.00 152 1000 1.0e+11 1.221e-02
20.99 -8.99 125.79 0.72 1.41 160.00 126 1000 1.0e+11 1.221e-02
21.57 36.82 16.78 0.14 0.66 160.00 4 1000 1.0e+11 1.221e-02
21.68 33.33 40.06 0.24 1.07 160.00 152 1000 1.0e+11 1.221e-02
21.95 30.90 50.05 0.29 1.16 160.00 148 1000 1.0e+11 1.221e-02
22.36 16.06 88.30 0.49 1.32 160.00 2 1000 1.0e+11 1.221e-02
22.38 35.30 28.75 0.19 0.91 160.00 139 1000 1.0e+11 1.221e-02
22.49 -17.45 134.77 0.78 1.41 160.00 1 1000 1.0e+11 1.221e-02
2.24 38.54 8.83 0.05 1.32 160.00 140 1000 1.0e+11 1.221e-02
2.26 36.82 27.23 0.14 1.49 160.00 8 1000 1.0e+11 1.221e-02
22.88 36.82 14.95 0.14 0.58 160.00 4 1000 1.0e+11 1.221e-02
23.66 24.56 68.92 0.38 1.24 160.00 157 1000 1.0e+11 1.221e-02
23.99 -27.11 143.76 0.85 1.41 160.00 1 1000 1.0e+11 1.221e-02
24.03 36.82 13.01 0.14 0.50 160.00 6 1000 1.0e+11 1.221e-02
24.60 10.90 97.13 0.54 1.32 160.00 0 1000 1.0e+11 1.221e-02
24.68 35.30 26.81 0.19 0.83 160.00 3 1000 1.0e+11 1.221e-02
24.91 33.33 38.13 0.24 0.99 160.00 139 1000 1.0e+11 1.221e-02
25.03 36.82 10.98 0.14 0.41 160.00 9 1000 1.0e+11 1.221e-02
25.49 -38.26 152.74 0.92 1.41 160.00 2 1000 1.0e+11 1.221e-02
25.61 27.98 58.39 0.33 1.16 160.00 147 1000 1.0e+11 1.221e-02
25.85 36.82 8.87 0.14 0.33 160.00 3 1000 1.0e+11 1.221e-02
26.01 30.90 48.07 0.29 1.07 160.00 146 1000 1.0e+11 1.221e-02
26.49 36.82 6.71 0.14 0.25 160.00 2 1000 1.0e+11 1.221e-02
26.62 20.60 77.54 0.44 1.24 160.00 139 1000 1.0e+11 1.221e-02
26.81 35.30 24.68 0.19 0.74 160.00 1 1000 1.0e+11 1.221e-02
26.83 5.07 105.96 0.60 1.32 160.00 0 1000 1.0e+11 1.221e-02
26.95 36.82 4.50 0.14 0.17 160.00 3 1000 1.0e+11 1.221e-02
26.99 -51.38 161.73 1.01 1.41 160.00 29 1000 1.0e+11 1.221e-02
27.23 36.82 2.26 0.14 0.08 160.00 4 1000 1.0e+11 1.221e-02
27.33 36.82 0.00 0.14 0.00 160.00 1 1000 1.0e+11 1.221e-02
27.97 33.33 35.94 0.24 0.91 160.00 128 1000 1.0e+11 1.221e-02
28.49 -67.36 170.71 1.10 1.41 160.00 0 1000 1.0e+11 1.221e-02
28.75 35.30 22.38 0.19 0.66 160.00 5 1000 1.0e+11 1.221e-02
29.07 -1.53 114.79 0.66 1.32 160.00 129 1000 1.0e+11 1.221e-02
29.27 24.56 66.73 0.38 1.16 160.00 144 1000 1.0e+11 1.221e-02
29.58 16.06 86.16 0.49 1.24 160.00 5 1000 1.0e+11 1.221e-02
2.96 38.54 8.62 0.05 1.24 160.00 157 1000 1.0e+11 1.221e-02
29.89 30.90 45.75 0.29 0.99 160.00 153 1000 1.0e+11 1.221e-02
3.00 37.89 17.97 0.09 1.41 160.00 160 1000 1.0e+11 1.221e-02
3.01 35.30 36.31 0.19 1.49 160.00 2 1000 1.0e+11 1.221e-02
30.35 27.98 56.08 0.33 1.07 160.00 147 1000 1.0e+11 1.221e-02
30.50 35.30 19.93 0.19 0.58 160.00 4 1000 1.0e+11 1.221e-02
30.85 33.33 33.51 0.24 0.83 160.00 142 1000 1.0e+11 1.221e-02
31.31 -8.99 123.62 0.72 1.32 160.00 1 1000 1.0e+11 1.221e-02
32.04 35.30 17.34 0.19 0.50 160.00 5 1000 1.0e+11 1.221e-02
32.53 10.90 94.77 0.54 1.24 160.00 124 1000 1.0e+11 1.221e-02
32.93 20.60 75.08 0.44 1.16 160.00 164 1000 1.0e+11 1.221e-02
33.37 35.30 14.64 0.19 0.41 160.00 4 1000 1.0e+11 1.221e-02
33.51 33.33 30.85 0.24 0.74 160.00 124 1000 1.0e+11 1.221e-02
33.54 -17.45 132.46 0.78 1.32 160.00 2 1000 1.0e+11 1.221e-02
33.57 30.90 43.13 0.29 0.91 160.00 144 1000 1.0e+11 1.221e-02
34.46 35.30 11.83 0.19 0.33 160.00 2 1000 1.0e+11 1.221e-02
34.68 24.56 64.09 0.38 1.07 160.00 157 1000 1.0e+11 1.221e-02
34.88 27.98 53.38 0.33 0.99 160.00 148 1000 1.0e+11 1.221e-02
35.32 35.30 8.94 0.19 0.25 160.00 5 1000 1.0e+11 1.221e-02
35.49 5.07 103.39 0.60 1.24 160.00 127 1000 1.0e+11 1.221e-02
35.78 -27.11 141.29 0.85 1.32 160.00 4 1000 1.0e+11 1.221e-02
35.94 33.33 27.97 0.24 0.66 160.00 133 1000 1.0e+11 1.221e-02
35.94 35.30 6.00 0.19 0.17 160.00 137 1000 1.0e+11 1.221e-02
36.31 35.30 3.01 0.19 0.08 160.00 142 1000 1.0e+11 1.221e-02
36.44 35.30 0.00 0.19 0.00 160.00 130 1000 1.0e+11 1.221e-02
36.59 16.06 83.42 0.49 1.16 160.00 6 1000 1.0e+11 1.221e-02
3.66 38.54 8.34 0.05 1.16 160.00 166 1000 1.0e+11 1.221e-02
37.02 30.90 40.21 0.29 0.83 160.00 149 1000 1.0e+11 1.221e-02
3.76 33.33 45.39 0.24 1.49 160.00 1 1000 1.0e+11 1.221e-02
38.01 -38.26 150.12 0.92 1.32 160.00 1 1000 1.0e+11 1.221e-02
38.13 33.33 24.91 0.24 0.58 160.00 2 1000 1.0e+11 1.221e-02
38.45 -1.53 112.00 0.66 1.24 160.00 165 1000 1.0e+11 1.221e-02
39.02 20.60 72.10 0.44 1.07 160.00 148 1000 1.0e+11 1.221e-02
39.16 27.98 50.32 0.33 0.91 160.00 164 1000 1.0e+11 1.221e-02
39.86 24.56 61.01 0.38 0.99 160.00 148 1000 1.0e+11 1.221e-02
40.06 33.33 21.68 0.24 0.50 160.00 2 1000 1.0e+11 1.221e-02
40.21 30.90 37.02 0.29 0.74 160.00 165 1000 1.0e+11 1.221e-02
40.25 10.90 91.76 0.54 1.16 160.00 149 1000 1.0e+11 1.221e-02
40.25 -51.38 158.95 1.01 1.32 160.00 0 1000 1.0e+11 1.221e-02
41.41 -8.99 120.62 0.72 1.24 160.00 141 1000 1.0e+11 1.221e-02
41.71 33.33 18.30 0.24 0.41 160.00 5 1000 1.0e+11 1.221e-02
42.49 -67.36 167.78 1.10 1.32 160.00 0 1000 1.0e+11 1.221e-02
43.08 33.33 14.79 0.24 0.33 160.00 126 1000 1.0e+11 1.221e-02
43.13 30.90 33.57 0.29 0.66 160.00 138 1000 1.0e+11 1.221e-02
43.19 27.98 46.91 0.33 0.83 160.00 158 1000 1.0e+11 1.221e-02
43.35 16.06 80.11 0.49 1.07 160.00 6 1000 1.0e+11 1.221e-02
4.34 38.54 8.01 0.05 1.07 160.00 147 1000 1.0e+11 1.221e-02
43.91 5.07 100.10 0.60 1.16 160.00 129 1000 1.0e+11 1.221e-02
44.15 33.33 11.18 0.24 0.25 160.00 139 1000 1.0e+11 1.221e-02
44.37 -17.45 129.23 0.78 1.24 160.00 2 1000 1.0e+11 1.221e-02
44.76 24.56 57.51 0.38 0.91 160.00 160 1000 1.0e+11 1.221e-02
4.47 37.89 17.66 0.09 1.32 160.00 149 1000 1.0e+11 1.221e-02
44.84 20.60 68.63 0.44 0.99 160.00 167 1000 1.0e+11 1.221e-02
44.92 33.33 7.50 0.24 0.17 160.00 140 1000 1.0e+11 1.221e-02
4.50 36.82 26.95 0.14 1.41 160.00 2 1000 1.0e+11 1.221e-02
4.51 30.90 54.47 0.29 1.49 160.00 151 1000 1.0e+11 1.221e-02
45.39 33.33 3.76 0.24 0.08 160.00 157 1000 1.0e+11 1.221e-02
45.55 33.33 0.00 0.24 0.00 160.00 153 1000 1.0e+11 1.221e-02
45.75 30.90 29.89 0.29 0.58 160.00 5 1000 1.0e+11 1.221e-02
46.91 27.98 43.19 0.33 0.74 160.00 141 1000 1.0e+11 1.221e-02
47.32 -27.11 137.85 0.85 1.24 160.00 1 1000 1.0e+11 1.221e-02
47.57 -1.53 108.44 0.66 1.16 160.00 150 1000 1.0e+11 1.221e-02
47.69 10.90 88.12 0.54 1.07 160.00 141 1000 1.0e+11 1.221e-02
48.07 30.90 26.01 0.29 0.50 160.00 5 1000 1.0e+11 1.221e-02
49.36 24.56 53.61 0.38 0.83 160.00 145 1000 1.0e+11 1.221e-02
49.82 16.06 76.26 0.49 0.99 160.00 2 1000 1.0e+11 1.221e-02
4.98 38.54 7.63 0.05 0.99 160.00 154 1000 1.0e+11 1.221e-02
50.05 30.90 21.95 0.29 0.41 160.00 140 1000 1.0e+11 1.221e-02
50.28 -38.26 146.46 0.92 1.24 160.00 2 1000 1.0e+11 1.221e-02
50.32 27.98 39.16 0.33 0.66 160.00 134 1000 1.0e+11 1.221e-02
50.35 20.60 64.70 0.44 0.91 160.00 156 1000 1.0e+11 1.221e-02
51.23 -8.99 116.79 0.72 1.16 160.00 139 1000 1.0e+11 1.221e-02
51.69 30.90 17.75 0.29 0.33 160.00 163 1000 1.0e+11 1.221e-02
52.03 5.07 96.13 0.60 1.07 160.00 153 1000 1.0e+11 1.221e-02
5.27 27.98 63.55 0.33 1.49 160.00 1 1000 1.0e+11 1.221e-02
52.98 30.90 13.42 0.29 0.25 160.00 141 1000 1.0e+11 1.221e-02
53.24 -51.38 155.08 1.01 1.24 160.00 0 1000 1.0e+11 1.221e-02
53.38 27.98 34.88 0.33 0.58 160.00 4 1000 1.0e+11 1.221e-02
53.61 24.56 49.36 0.38 0.74 160.00 135 1000 1.0e+11 1.221e-02
53.91 30.90 9.00 0.29 0.17 160.00 141 1000 1.0e+11 1.221e-02
54.47 30.90 4.51 0.29 0.08 160.00 152 1000 1.0e+11 1.221e-02
54.65 30.90 0.00 0.29 0.00 160.00 138 1000 1.0e+11 1.221e-02
54.80 10.90 83.88 0.54 0.99 160.00 155 1000 1.0e+11 1.221e-02
54.89 -17.45 125.13 0.78 1.16 160.00 0 1000 1.0e+11 1.221e-02
55.52 20.60 60.32 0.44 0.83 160.00 136 1000 1.0e+11 1.221e-02
55.95 16.06 71.88 0.49 0.91 160.00 6 1000 1.0e+11 1.221e-02
5.59 38.54 7.19 0.05 0.91 160.00 155 1000 1.0e+11 1.221e-02
56.08 27.98 30.35 0.33 0.50 160.00 3 1000 1.0e+11 1.221e-02
56.20 -67.36 163.69 1.10 1.24 160.00 0 1000 1.0e+11 1.221e-02
56.36 -1.53 104.15 0.66 1.07 160.00 153 1000 1.0e+11 1.221e-02
57.51 24.56 44.76 0.38 0.66 160.00 3 1000 1.0e+11 1.221e-02
58.39 27.98 25.61 0.33 0.41 160.00 5 1000 1.0e+11 1.221e-02
58.55 -27.11 133.47 0.85 1.16 160.00 0 1000 1.0e+11 1.221e-02
5.92 37.89 17.23 0.09 1.24 160.00 139 1000 1.0e+11 1.221e-02
59.79 5.07 91.51 0.60 0.99 160.00 153 1000 1.0e+11 1.221e-02
6.00 35.30 35.94 0.19 1.41 160.00 1 1000 1.0e+11 1.221e-02
6.02 24.56 72.62 0.38 1.49 160.00 4 1000 1.0e+11 1.221e-02
60.31 27.98 20.70 0.33 0.33 160.00 125 1000 1.0e+11 1.221e-02
60.32 20.60 55.52 0.44 0.74 160.00 135 1000 1.0e+11 1.221e-02
60.70 -8.99 112.16 0.72 1.07 160.00 135 1000 1.0e+11 1.221e-02
61.01 24.56 39.86 0.38 0.58 160.00 3 1000 1.0e+11 1.221e-02
61.54 10.90 79.07 0.54 0.91 160.00 126 1000 1.0e+11 1.221e-02
61.69 16.06 67.02 0.49 0.83 160.00 2 1000 1.0e+11 1.221e-02
6.17 38.54 6.70 0.05 0.83 160.00 162 1000 1.0e+11 1.221e-02
61.81 27.98 15.65 0.33 0.25 160.00 159 1000 1.0e+11 1.221e-02
62.20 -38.26 141.81 0.92 1.16 160.00 1 1000 1.0e+11 1.221e-02
62.89 27.98 10.50 0.33 0.17 160.00 153 1000 1.0e+11 1.221e-02
63.55 27.98 5.27 0.33 0.08 160.00 142 1000 1.0e+11 1.221e-02
63.76 27.98 0.00 0.33 0.00 160.00 145 1000 1.0e+11 1.221e-02
64.09 24.56 34.68 0.38 0.50 160.00 4 1000 1.0e+11 1.221e-02
64.70 20.60 50.35 0.44 0.66 160.00 4 1000 1.0e+11 1.221e-02
64.77 -1.53 99.14 0.66 0.99 160.00 149 1000 1.0e+11 1.221e-02
65.03 -17.45 120.17 0.78 1.07 160.00 1 1000 1.0e+11 1.221e-02
65.86 -51.38 150.15 1.01 1.16 160.00 1 1000 1.0e+11 1.221e-02
66.73 24.56 29.27 0.38 0.41 160.00 5 1000 1.0e+11 1.221e-02
67.02 16.06 61.69 0.49 0.74 160.00 6 1000 1.0e+11 1.221e-02
6.70 38.54 6.17 0.05 0.74 160.00 148 1000 1.0e+11 1.221e-02
67.14 5.07 86.26 0.60 0.91 160.00 164 1000 1.0e+11 1.221e-02
6.71 36.82 26.49 0.14 1.32 160.00 4 1000 1.0e+11 1.221e-02
6.77 20.60 81.70 0.44 1.49 160.00 3 1000 1.0e+11 1.221e-02
67.86 10.90 73.72 0.54 0.83 160.00 3 1000 1.0e+11 1.221e-02
68.63 20.60 44.84 0.44 0.58 160.00 1 1000 1.0e+11 1.221e-02
68.92 24.56 23.66 0.38 0.33 160.00 2 1000 1.0e+11 1.221e-02
69.37 -27.11 128.18 0.85 1.07 160.00 3 1000 1.0e+11 1.221e-02
69.52 -67.36 158.50 1.10 1.16 160.00 2 1000 1.0e+11 1.221e-02
69.75 -8.99 106.76 0.72 0.99 160.00 174 1000 1.0e+11 1.221e-02
70.64 24.56 17.89 0.38 0.25 160.00 148 1000 1.0e+11 1.221e-02
71.88 16.06 55.95 0.49 0.66 160.00 4 1000 1.0e+11 1.221e-02
71.88 24.56 11.99 0.38 0.17 160.00 151 1000 1.0e+11 1.221e-02
7.19 38.54 5.59 0.05 0.66 160.00 145 1000 1.0e+11 1.221e-02
72.10 20.60 39.02 0.44 0.50 160.00 1 1000 1.0e+11 1.221e-02
72.62 24.56 6.02 0.38 0.08 160.00 145 1000 1.0e+11 1.221e-02
72.73 -1.53 93.45 0.66 0.91 160.00 160 1000 1.0e+11 1.221e-02
72.87 24.56 0.00 0.38 0.00 160.00 166 1000 1.0e+11 1.221e-02
7.32 37.89 16.68 0.09 1.16 160.00 161 1000 1.0e+11 1.221e-02
73.70 -38.26 136.19 0.92 1.07 160.00 2 1000 1.0e+11 1.221e-02
73.72 10.90 67.86 0.54 0.74 160.00 2 1000 1.0e+11 1.221e-02
74.03 5.07 80.42 0.60 0.83 160.00 3 1000 1.0e+11 1.221e-02
74.73 -17.45 114.39 0.78 0.99 160.00 1 1000 1.0e+11 1.221e-02
75.08 20.60 32.93 0.44 0.41 160.00 2 1000 1.0e+11 1.221e-02
7.50 33.33 44.92 0.24 1.41 160.00 124 1000 1.0e+11 1.221e-02
7.52 16.06 90.78 0.49 1.49 160.00 2 1000 1.0e+11 1.221e-02
76.26 16.06 49.82 0.49 0.58 160.00 2 1000 1.0e+11 1.221e-02
7.63 38.54 4.98 0.05 0.58 160.00 163 1000 1.0e+11 1.221e-02
77.54 20.60 26.62 0.44 0.33 160.00 3 1000 1.0e+11 1.221e-02
78.04 -51.38 144.20 1.01 1.07 160.00 0 1000 1.0e+11 1.221e-02
78.33 -8.99 100.64 0.72 0.91 160.00 147 1000 1.0e+11 1.221e-02
79.07 10.90 61.54 0.54 0.66 160.00 135 1000 1.0e+11 1.221e-02
79.47 20.60 20.13 0.44 0.25 160.00 142 1000 1.0e+11 1.221e-02
79.72 -27.11 122.01 0.85 0.99 160.00 2 1000 1.0e+11 1.221e-02
80.11 16.06 43.35 0.49 0.50 160.00 1 1000 1.0e+11 1.221e-02
8.01 38.54 4.34 0.05 0.50 160.00 132 1000 1.0e+11 1.221e-02
80.20 -1.53 87.12 0.66 0.83 160.00 140 1000 1.0e+11 1.221e-02
80.42 5.07 74.03 0.60 0.74 160.00 4 1000 1.0e+11 1.221e-02
80.86 20.60 13.49 0.44 0.17 160.00 148 1000 1.0e+11 1.221e-02
81.70 20.60 6.77 0.44 0.08 160.00 153 1000 1.0e+11 1.221e-02
81.98 20.60 0.00 0.44 0.00 160.00 137 1000 1.0e+11 1.221e-02
82.37 -67.36 152.21 1.10 1.07 160.00 0 1000 1.0e+11 1.221e-02
8.27 10.90 99.86 0.54 1.49 160.00 144 1000 1.0e+11 1.221e-02
83.42 16.06 36.59 0.49 0.41 160.00 1 1000 1.0e+11 1.221e-02
8.34 38.54 3.66 0.05 0.41 160.00 140 1000 1.0e+11 1.221e-02
83.88 10.90 54.80 0.54 0.58 160.00 162 1000 1.0e+11 1.221e-02
83.92 -17.45 107.83 0.78 0.91 160.00 3 1000 1.0e+11 1.221e-02
84.70 -38.26 129.64 0.92 0.99 160.00 0 1000 1.0e+11 1.221e-02
86.16 16.06 29.58 0.49 0.33 160.00 2 1000 1.0e+11 1.221e-02
86.26 5.07 67.14 0.60 0.66 160.00 150 1000 1.0e+11 1.221e-02
8.62 38.54 2.96 0.05 0.33 160.00 149 1000 1.0e+11 1.221e-02
86.37 -8.99 93.82 0.72 0.83 160.00 3 1000 1.0e+11 1.221e-02
8.67 37.89 16.02 0.09 1.07 160.00 161 1000 1.0e+11 1.221e-02
87.12 -1.53 80.20 0.66 0.74 160.00 2 1000 1.0e+11 1.221e-02
88.12 10.90 47.69 0.54 0.50 160.00 162 1000 1.0e+11 1.221e-02
88.30 16.06 22.36 0.49 0.25 160.00 2 1000 1.0e+11 1.221e-02
8.83 38.54 2.24 0.05 0.25 160.00 125 1000 1.0e+11 1.221e-02
8.87 36.82 25.85 0.14 1.24 160.00 6 1000 1.0e+11 1.221e-02
8.94 35.30 35.32 0.19 1.32 160.00 5 1000 1.0e+11 1.221e-02
89.52 -27.11 115.01 0.85 0.91 160.00 3 1000 1.0e+11 1.221e-02
89.68 -51.38 137.26 1.01 0.99 160.00 0 1000 1.0e+11 1.221e-02
89.85 16.06 14.99 0.49 0.17 160.00 3 1000 1.0e+11 1.221e-02
8.98 38.54 1.50 0.05 0.17 160.00 155 1000 1.0e+11 1.221e-02
9.00 30.90 53.91 0.29 1.41 160.00 155 1000 1.0e+11 1.221e-02
9.03 5.07 108.94 0.60 1.49 160.00 148 1000 1.0e+11 1.221e-02
90.78 16.06 7.52 0.49 0.08 160.00 2 1000 1.0e+11 1.221e-02
9.08 38.54 0.75 0.05 0.08 160.00 146 1000 1.0e+11 1.221e-02
91.09 16.06 0.00 0.49 0.00 160.00 8 1000 1.0e+11 1.221e-02
9.11 38.54 0.00 0.05 0.00 160.00 131 1000 1.0e+11 1.221e-02
91.51 5.07 59.79 0.60 0.58 160.00 144 1000 1.0e+11 1.221e-02
91.76 10.90 40.25 0.54 0.41 160.00 147 1000 1.0e+11 1.221e-02
92.54 -17.45 100.53 0.78 0.83 160.00 3 1000 1.0e+11 1.221e-02
93.45 -1.53 72.73 0.66 0.66 160.00 127 1000 1.0e+11 1.221e-02
93.82 -8.99 86.37 0.72 0.74 160.00 4 1000 1.0e+11 1.221e-02
94.66 -67.36 144.89 1.10 0.99 160.00 0 1000 1.0e+11 1.221e-02
94.77 10.90 32.53 0.54 0.33 160.00 126 1000 1.0e+11 1.221e-02
95.11 -38.26 122.20 0.92 0.91 160.00 3 1000 1.0e+11 1.221e-02
96.13 5.07 52.03 0.60 0.50 160.00 157 1000 1.0e+11 1.221e-02
97.13 10.90 24.60 0.54 0.25 160.00 5 1000 1.0e+11 1.221e-02
9.78 -1.53 118.01 0.66 1.49 160.00 140 1000 1.0e+11 1.221e-02
98.71 -27.11 107.23 0.85 0.83 160.00 1 1000 1.0e+11 1.221e-02
98.83 10.90 16.49 0.54 0.17 160.00 123 1000 1.0e+11 1.221e-02
99.14 -1.53 64.77 0.66 0.58 160.00 141 1000 1.0e+11 1.221e-02
9.96 37.89 15.25 0.09 0.99 160.00 141 1000 1.0e+11 1.221e-02
99.86 10.90 8.27 0.54 0.08 160.00 148 1000 1.0e+11 1.221e-02
