0.00 111.68 232.60 0.72 1.57 320.00 0 1000 1.0e+11 8.325e-03
0.00 125.28 215.98 0.66 1.57 320.00 0 1000 1.0e+11 8.325e-03
0.00 137.31 199.37 0.60 1.57 320.00 0 1000 1.0e+11 8.325e-03
0.00 147.96 182.75 0.54 1.57 320.00 0 1000 1.0e+11 8.325e-03
0.00 157.37 166.14 0.49 1.57 320.00 0 1000 1.0e+11 8.325e-03
0.00 165.64 149.53 0.44 1.57 320.00 0 1000 1.0e+11 8.325e-03
0.00 172.87 132.91 0.38 1.57 320.00 0 1000 1.0e+11 8.325e-03
0.00 179.11 116.30 0.33 1.57 320.00 0 1000 1.0e+11 8.325e-03
0.00 184.43 99.68 0.29 1.57 320.00 0 1000 1.0e+11 8.325e-03
0.00 188.87 83.07 0.24 1.57 320.00 0 1000 1.0e+11 8.325e-03
0.00 192.46 66.46 0.19 1.57 320.00 0 1000 1.0e+11 8.325e-03
0.00 195.23 49.84 0.14 1.57 320.00 0 1000 1.0e+11 8.325e-03
0.00 197.19 33.23 0.09 1.57 320.00 0 1000 1.0e+11 8.325e-03
0.00 198.36 16.61 0.05 1.57 320.00 0 1000 1.0e+11 8.325e-03
0.00 198.75 0.00 0.00 0.00 320.00 0 1000 1.0e+11 8.325e-03
0.00 34.35 299.05 1.01 1.57 320.00 0 1000 1.0e+11 8.325e-03
0.00 5.21 315.67 1.10 1.57 320.00 0 1000 1.0e+11 8.325e-03
0.00 58.29 282.44 0.92 1.57 320.00 0 1000 1.0e+11 8.325e-03
0.00 78.63 265.82 0.85 1.57 320.00 0 1000 1.0e+11 8.325e-03
0.00 96.25 249.21 0.78 1.57 320.00 0 1000 1.0e+11 8.325e-03
100.11 96.25 228.22 0.78 1.16 320.00 0 1000 1.0e+11 8.325e-03
101.27 165.64 110.01 0.44 0.83 320.00 0 1000 1.0e+11 8.325e-03
102.05 157.37 131.11 0.49 0.91 320.00 0 1000 1.0e+11 8.325e-03
10.20 198.36 13.11 0.05 0.91 320.00 0 1000 1.0e+11 8.325e-03
102.28 179.11 55.35 0.33 0.50 320.00 0 1000 1.0e+11 8.325e-03
102.50 5.21 298.56 1.10 1.24 320.00 0 1000 1.0e+11 8.325e-03
102.80 125.28 189.95 0.66 1.07 320.00 0 1000 1.0e+11 8.325e-03
104.89 172.87 81.64 0.38 0.66 320.00 0 1000 1.0e+11 8.325e-03
106.50 179.11 46.72 0.33 0.41 320.00 0 1000 1.0e+11 8.325e-03
106.78 78.63 243.43 0.85 1.16 320.00 0 1000 1.0e+11 8.325e-03
10.79 197.19 31.43 0.09 1.24 320.00 0 1000 1.0e+11 8.325e-03
109.04 137.31 166.90 0.60 0.99 320.00 0 1000 1.0e+11 8.325e-03
10.94 192.46 65.55 0.19 1.41 320.00 0 1000 1.0e+11 8.325e-03
10.98 172.87 132.46 0.38 1.49 320.00 0 1000 1.0e+11 8.325e-03
110.00 179.11 37.76 0.33 0.33 320.00 0 1000 1.0e+11 8.325e-03
110.01 165.64 101.27 0.44 0.74 320.00 0 1000 1.0e+11 8.325e-03
110.70 111.68 204.56 0.72 1.07 320.00 0 1000 1.0e+11 8.325e-03
111.27 172.87 72.70 0.38 0.58 320.00 0 1000 1.0e+11 8.325e-03
112.25 147.96 144.22 0.54 0.91 320.00 43 1000 1.0e+11 8.325e-03
112.52 157.37 122.23 0.49 0.83 320.00 0 1000 1.0e+11 8.325e-03
11.25 198.36 12.22 0.05 0.83 320.00 0 1000 1.0e+11 8.325e-03
112.74 179.11 28.55 0.33 0.25 320.00 0 1000 1.0e+11 8.325e-03
113.45 58.29 258.65 0.92 1.16 320.00 0 1000 1.0e+11 8.325e-03
114.71 179.11 19.14 0.33 0.17 320.00 0 1000 1.0e+11 8.325e-03
115.90 179.11 9.60 0.33 0.08 320.00 0 1000 1.0e+11 8.325e-03
116.30 179.11 0.00 0.33 0.00 320.00 0 1000 1.0e+11 8.325e-03
116.89 172.87 63.26 0.38 0.50 320.00 0 1000 1.0e+11 8.325e-03
118.00 165.64 91.84 0.44 0.66 320.00 0 1000 1.0e+11 8.325e-03
118.13 125.28 180.81 0.66 0.99 320.00 0 1000 1.0e+11 8.325e-03
118.61 96.25 219.17 0.78 1.07 320.00 0 1000 1.0e+11 8.325e-03
120.13 34.35 273.86 1.01 1.16 320.00 0 1000 1.0e+11 8.325e-03
121.72 172.87 53.39 0.38 0.41 320.00 0 1000 1.0e+11 8.325e-03
122.23 157.37 112.52 0.49 0.74 320.00 0 1000 1.0e+11 8.325e-03
12.22 198.36 11.25 0.05 0.74 320.00 0 1000 1.0e+11 8.325e-03
122.45 137.31 157.33 0.60 0.91 320.00 0 1000 1.0e+11 8.325e-03
12.24 195.23 48.32 0.14 1.32 320.00 0 1000 1.0e+11 8.325e-03
12.35 165.64 149.02 0.44 1.49 320.00 0 1000 1.0e+11 8.325e-03
123.78 147.96 134.46 0.54 0.83 320.00 0 1000 1.0e+11 8.325e-03
125.18 165.64 81.78 0.44 0.58 320.00 0 1000 1.0e+11 8.325e-03
125.71 172.87 43.16 0.38 0.33 320.00 0 1000 1.0e+11 8.325e-03
126.52 78.63 233.78 0.85 1.07 320.00 0 1000 1.0e+11 8.325e-03
126.80 5.21 289.08 1.10 1.16 320.00 0 1000 1.0e+11 8.325e-03
127.22 111.68 194.72 0.72 0.99 320.00 0 1000 1.0e+11 8.325e-03
128.84 172.87 32.63 0.38 0.25 320.00 0 1000 1.0e+11 8.325e-03
131.10 172.87 21.88 0.38 0.17 320.00 0 1000 1.0e+11 8.325e-03
131.11 157.37 102.05 0.49 0.66 320.00 0 1000 1.0e+11 8.325e-03
13.11 198.36 10.20 0.05 0.66 320.00 0 1000 1.0e+11 8.325e-03
131.50 165.64 71.17 0.44 0.50 320.00 0 1000 1.0e+11 8.325e-03
132.46 172.87 10.98 0.38 0.08 320.00 0 1000 1.0e+11 8.325e-03
132.66 125.28 170.44 0.66 0.91 320.00 0 1000 1.0e+11 8.325e-03
132.91 172.87 0.00 0.38 0.00 320.00 0 1000 1.0e+11 8.325e-03
13.35 197.19 30.43 0.09 1.16 320.00 0 1000 1.0e+11 8.325e-03
134.43 58.29 248.40 0.92 1.07 320.00 0 1000 1.0e+11 8.325e-03
134.46 147.96 123.78 0.54 0.74 320.00 0 1000 1.0e+11 8.325e-03
135.03 137.31 146.68 0.60 0.83 320.00 0 1000 1.0e+11 8.325e-03
136.30 96.25 208.63 0.78 0.99 320.00 0 1000 1.0e+11 8.325e-03
13.67 188.87 81.94 0.24 1.41 320.00 0 1000 1.0e+11 8.325e-03
136.93 165.64 60.06 0.44 0.41 320.00 0 1000 1.0e+11 8.325e-03
13.72 157.37 165.57 0.49 1.49 320.00 0 1000 1.0e+11 8.325e-03
1.37 198.36 16.56 0.05 1.49 320.00 0 1000 1.0e+11 8.325e-03
139.09 157.37 90.87 0.49 0.58 320.00 0 1000 1.0e+11 8.325e-03
13.91 198.36 9.09 0.05 0.58 320.00 0 1000 1.0e+11 8.325e-03
141.42 165.64 48.55 0.44 0.33 320.00 0 1000 1.0e+11 8.325e-03
142.33 34.35 263.01 1.01 1.07 320.00 0 1000 1.0e+11 8.325e-03
142.86 111.68 183.55 0.72 0.91 320.00 0 1000 1.0e+11 8.325e-03
144.22 147.96 112.25 0.54 0.66 320.00 39 1000 1.0e+11 8.325e-03
144.95 165.64 36.71 0.44 0.25 320.00 0 1000 1.0e+11 8.325e-03
145.39 78.63 222.54 0.85 0.99 320.00 0 1000 1.0e+11 8.325e-03
146.12 157.37 79.07 0.49 0.50 320.00 0 1000 1.0e+11 8.325e-03
14.61 198.36 7.91 0.05 0.50 320.00 0 1000 1.0e+11 8.325e-03
146.28 125.28 158.90 0.66 0.83 320.00 0 1000 1.0e+11 8.325e-03
146.68 137.31 135.03 0.60 0.74 320.00 0 1000 1.0e+11 8.325e-03
147.49 165.64 24.61 0.44 0.17 320.00 0 1000 1.0e+11 8.325e-03
149.02 165.64 12.35 0.44 0.08 320.00 0 1000 1.0e+11 8.325e-03
149.53 165.64 0.00 0.44 0.00 320.00 0 1000 1.0e+11 8.325e-03
150.24 5.21 277.62 1.10 1.07 320.00 0 1000 1.0e+11 8.325e-03
15.09 147.96 182.13 0.54 1.49 320.00 34 1000 1.0e+11 8.325e-03
152.15 157.37 66.74 0.49 0.41 320.00 0 1000 1.0e+11 8.325e-03
15.21 198.36 6.67 0.05 0.41 320.00 0 1000 1.0e+11 8.325e-03
153.00 147.96 99.96 0.54 0.58 320.00 39 1000 1.0e+11 8.325e-03
153.07 96.25 196.66 0.78 0.91 320.00 0 1000 1.0e+11 8.325e-03
154.48 58.29 236.45 0.92 0.99 320.00 0 1000 1.0e+11 8.325e-03
157.14 157.37 53.95 0.49 0.33 320.00 0 1000 1.0e+11 8.325e-03
15.71 198.36 5.39 0.05 0.33 320.00 0 1000 1.0e+11 8.325e-03
157.33 137.31 122.45 0.60 0.66 320.00 1 1000 1.0e+11 8.325e-03
157.53 111.68 171.13 0.72 0.83 320.00 0 1000 1.0e+11 8.325e-03
15.81 197.19 29.22 0.09 1.07 320.00 0 1000 1.0e+11 8.325e-03
158.90 125.28 146.28 0.66 0.74 320.00 0 1000 1.0e+11 8.325e-03
160.73 147.96 86.98 0.54 0.50 320.00 40 1000 1.0e+11 8.325e-03
161.06 157.37 40.78 0.49 0.25 320.00 0 1000 1.0e+11 8.325e-03
16.11 198.36 4.08 0.05 0.25 320.00 0 1000 1.0e+11 8.325e-03
16.18 195.23 47.14 0.14 1.24 320.00 0 1000 1.0e+11 8.325e-03
16.31 192.46 64.42 0.19 1.32 320.00 0 1000 1.0e+11 8.325e-03
163.27 78.63 209.77 0.85 0.91 320.00 0 1000 1.0e+11 8.325e-03
163.57 34.35 250.36 1.01 0.99 320.00 0 1000 1.0e+11 8.325e-03
163.87 157.37 27.35 0.49 0.17 320.00 0 1000 1.0e+11 8.325e-03
16.39 198.36 2.73 0.05 0.17 320.00 0 1000 1.0e+11 8.325e-03
16.41 184.43 98.32 0.29 1.41 320.00 0 1000 1.0e+11 8.325e-03
16.46 137.31 198.69 0.60 1.49 320.00 0 1000 1.0e+11 8.325e-03
165.57 157.37 13.72 0.49 0.08 320.00 0 1000 1.0e+11 8.325e-03
16.56 198.36 1.37 0.05 0.08 320.00 0 1000 1.0e+11 8.325e-03
166.14 157.37 0.00 0.49 0.00 320.00 0 1000 1.0e+11 8.325e-03
16.61 198.36 0.00 0.05 0.00 320.00 0 1000 1.0e+11 8.325e-03
166.90 137.31 109.04 0.60 0.58 320.00 0 1000 1.0e+11 8.325e-03
167.36 147.96 73.41 0.54 0.41 320.00 0 1000 1.0e+11 8.325e-03
168.79 96.25 183.35 0.78 0.83 320.00 0 1000 1.0e+11 8.325e-03
170.44 125.28 132.66 0.66 0.66 320.00 0 1000 1.0e+11 8.325e-03
171.13 111.68 157.53 0.72 0.74 320.00 0 1000 1.0e+11 8.325e-03
172.65 5.21 264.26 1.10 0.99 320.00 0 1000 1.0e+11 8.325e-03
172.85 147.96 59.34 0.54 0.33 320.00 31 1000 1.0e+11 8.325e-03
173.48 58.29 222.88 0.92 0.91 320.00 0 1000 1.0e+11 8.325e-03
175.34 137.31 94.89 0.60 0.50 320.00 0 1000 1.0e+11 8.325e-03
177.16 147.96 44.86 0.54 0.25 320.00 2 1000 1.0e+11 8.325e-03
17.84 125.28 215.24 0.66 1.49 320.00 0 1000 1.0e+11 8.325e-03
180.04 78.63 195.57 0.85 0.83 320.00 0 1000 1.0e+11 8.325e-03
180.26 147.96 30.08 0.54 0.17 320.00 24 1000 1.0e+11 8.325e-03
180.81 125.28 118.13 0.66 0.58 320.00 0 1000 1.0e+11 8.325e-03
18.17 197.19 27.82 0.09 0.99 320.00 0 1000 1.0e+11 8.325e-03
182.13 147.96 15.09 0.54 0.08 320.00 46 1000 1.0e+11 8.325e-03
182.58 137.31 80.09 0.60 0.41 320.00 0 1000 1.0e+11 8.325e-03
182.75 147.96 0.00 0.54 0.00 320.00 0 1000 1.0e+11 8.325e-03
183.35 96.25 168.79 0.78 0.74 320.00 0 1000 1.0e+11 8.325e-03
183.55 111.68 142.86 0.72 0.66 320.00 0 1000 1.0e+11 8.325e-03
183.68 34.35 235.99 1.01 0.91 320.00 0 1000 1.0e+11 8.325e-03
188.57 137.31 64.73 0.60 0.33 320.00 0 1000 1.0e+11 8.325e-03
189.95 125.28 102.80 0.66 0.50 320.00 0 1000 1.0e+11 8.325e-03
191.29 58.29 207.80 0.92 0.83 320.00 0 1000 1.0e+11 8.325e-03
19.14 179.11 114.71 0.33 1.41 320.00 0 1000 1.0e+11 8.325e-03
19.21 111.68 231.80 0.72 1.49 320.00 0 1000 1.0e+11 8.325e-03
193.27 137.31 48.94 0.60 0.25 320.00 0 1000 1.0e+11 8.325e-03
193.89 5.21 249.10 1.10 0.91 320.00 0 1000 1.0e+11 8.325e-03
194.72 111.68 127.22 0.72 0.58 320.00 0 1000 1.0e+11 8.325e-03
195.57 78.63 180.04 0.85 0.74 320.00 0 1000 1.0e+11 8.325e-03
196.65 137.31 32.81 0.60 0.17 320.00 0 1000 1.0e+11 8.325e-03
196.66 96.25 153.07 0.78 0.66 320.00 0 1000 1.0e+11 8.325e-03
197.79 125.28 86.76 0.66 0.41 320.00 0 1000 1.0e+11 8.325e-03
198.69 137.31 16.46 0.60 0.08 320.00 0 1000 1.0e+11 8.325e-03
199.37 137.31 0.00 0.60 0.00 320.00 33 1000 1.0e+11 8.325e-03
20.02 195.23 45.64 0.14 1.16 320.00 1 1000 1.0e+11 8.325e-03
202.54 34.35 220.02 1.01 0.83 320.00 0 1000 1.0e+11 8.325e-03
20.39 188.87 80.53 0.24 1.32 320.00 0 1000 1.0e+11 8.325e-03
20.41 197.19 26.22 0.09 0.91 320.00 0 1000 1.0e+11 8.325e-03
204.28 125.28 70.13 0.66 0.33 320.00 0 1000 1.0e+11 8.325e-03
204.56 111.68 110.70 0.72 0.50 320.00 0 1000 1.0e+11 8.325e-03
20.58 96.25 248.36 0.78 1.49 320.00 0 1000 1.0e+11 8.325e-03
207.80 58.29 191.29 0.92 0.74 320.00 0 1000 1.0e+11 8.325e-03
208.63 96.25 136.30 0.78 0.58 320.00 0 1000 1.0e+11 8.325e-03
209.37 125.28 53.02 0.66 0.25 320.00 0 1000 1.0e+11 8.325e-03
209.77 78.63 163.27 0.85 0.66 320.00 0 1000 1.0e+11 8.325e-03
213.00 111.68 93.43 0.72 0.41 320.00 0 1000 1.0e+11 8.325e-03
213.04 125.28 35.55 0.66 0.17 320.00 0 1000 1.0e+11 8.325e-03
213.79 5.21 232.24 1.10 0.83 320.00 0 1000 1.0e+11 8.325e-03
215.24 125.28 17.84 0.66 0.08 320.00 0 1000 1.0e+11 8.325e-03
21.58 192.46 62.86 0.19 1.24 320.00 0 1000 1.0e+11 8.325e-03
215.98 125.28 0.00 0.66 0.00 320.00 34 1000 1.0e+11 8.325e-03
21.88 172.87 131.10 0.38 1.41 320.00 0 1000 1.0e+11 8.325e-03
219.17 96.25 118.61 0.78 0.50 320.00 0 1000 1.0e+11 8.325e-03
21.95 78.63 264.92 0.85 1.49 320.00 0 1000 1.0e+11 8.325e-03
219.99 111.68 75.52 0.72 0.33 320.00 0 1000 1.0e+11 8.325e-03
220.02 34.35 202.54 1.01 0.74 320.00 0 1000 1.0e+11 8.325e-03
222.54 78.63 145.39 0.85 0.58 320.00 0 1000 1.0e+11 8.325e-03
222.88 58.29 173.48 0.92 0.66 320.00 0 1000 1.0e+11 8.325e-03
22.50 197.19 24.45 0.09 0.83 320.00 0 1000 1.0e+11 8.325e-03
225.48 111.68 57.10 0.72 0.25 320.00 0 1000 1.0e+11 8.325e-03
228.22 96.25 100.11 0.78 0.41 320.00 0 1000 1.0e+11 8.325e-03
229.42 111.68 38.28 0.72 0.17 320.00 0 1000 1.0e+11 8.325e-03
231.80 111.68 19.21 0.72 0.08 320.00 0 1000 1.0e+11 8.325e-03
232.24 5.21 213.79 1.10 0.74 320.00 0 1000 1.0e+11 8.325e-03
232.60 111.68 0.00 0.72 0.00 320.00 37 1000 1.0e+11 8.325e-03
23.32 58.29 281.47 0.92 1.49 320.00 0 1000 1.0e+11 8.325e-03
233.78 78.63 126.52 0.85 0.50 320.00 0 1000 1.0e+11 8.325e-03
235.71 96.25 80.92 0.78 0.33 320.00 0 1000 1.0e+11 8.325e-03
235.99 34.35 183.68 1.01 0.66 320.00 0 1000 1.0e+11 8.325e-03
236.45 58.29 154.48 0.92 0.58 320.00 0 1000 1.0e+11 8.325e-03
23.72 195.23 43.83 0.14 1.07 320.00 0 1000 1.0e+11 8.325e-03
241.58 96.25 61.18 0.78 0.25 320.00 0 1000 1.0e+11 8.325e-03
243.43 78.63 106.78 0.85 0.41 320.00 0 1000 1.0e+11 8.325e-03
24.45 197.19 22.50 0.09 0.74 320.00 0 1000 1.0e+11 8.325e-03
24.47 184.43 96.63 0.29 1.32 320.00 0 1000 1.0e+11 8.325e-03
245.81 96.25 41.02 0.78 0.17 320.00 0 1000 1.0e+11 8.325e-03
24.61 165.64 147.49 0.44 1.41 320.00 0 1000 1.0e+11 8.325e-03
24.70 34.35 298.03 1.01 1.49 320.00 0 1000 1.0e+11 8.325e-03
248.36 96.25 20.58 0.78 0.08 320.00 0 1000 1.0e+11 8.325e-03
248.40 58.29 134.43 0.92 0.50 320.00 0 1000 1.0e+11 8.325e-03
249.10 5.21 193.89 1.10 0.66 320.00 0 1000 1.0e+11 8.325e-03
249.21 96.25 0.00 0.78 0.00 320.00 1 1000 1.0e+11 8.325e-03
250.36 34.35 163.57 1.01 0.58 320.00 0 1000 1.0e+11 8.325e-03
251.42 78.63 86.31 0.85 0.33 320.00 0 1000 1.0e+11 8.325e-03
257.69 78.63 65.26 0.85 0.25 320.00 0 1000 1.0e+11 8.325e-03
258.65 58.29 113.45 0.92 0.41 320.00 0 1000 1.0e+11 8.325e-03
26.07 5.21 314.59 1.10 1.49 320.00 0 1000 1.0e+11 8.325e-03
262.20 78.63 43.75 0.85 0.17 320.00 0 1000 1.0e+11 8.325e-03
26.22 197.19 20.41 0.09 0.66 320.00 0 1000 1.0e+11 8.325e-03
263.01 34.35 142.33 1.01 0.50 320.00 0 1000 1.0e+11 8.325e-03
264.26 5.21 172.65 1.10 0.58 320.00 0 1000 1.0e+11 8.325e-03
264.92 78.63 21.95 0.85 0.08 320.00 0 1000 1.0e+11 8.325e-03
265.82 78.63 0.00 0.85 0.00 320.00 0 1000 1.0e+11 8.325e-03
26.70 192.46 60.86 0.19 1.16 320.00 0 1000 1.0e+11 8.325e-03
267.13 58.29 91.71 0.92 0.33 320.00 0 1000 1.0e+11 8.325e-03
26.97 188.87 78.57 0.24 1.24 320.00 0 1000 1.0e+11 8.325e-03
27.26 195.23 41.73 0.14 0.99 320.00 0 1000 1.0e+11 8.325e-03
27.35 157.37 163.87 0.49 1.41 320.00 0 1000 1.0e+11 8.325e-03
273.80 58.29 69.33 0.92 0.25 320.00 0 1000 1.0e+11 8.325e-03
273.86 34.35 120.13 1.01 0.41 320.00 0 1000 1.0e+11 8.325e-03
2.73 198.36 16.39 0.05 1.41 320.00 0 1000 1.0e+11 8.325e-03
2.74 197.19 33.11 0.09 1.49 320.00 0 1000 1.0e+11 8.325e-03
277.62 5.21 150.24 1.10 0.50 320.00 0 1000 1.0e+11 8.325e-03
27.82 197.19 18.17 0.09 0.58 320.00 0 1000 1.0e+11 8.325e-03
278.59 58.29 46.49 0.92 0.17 320.00 0 1000 1.0e+11 8.325e-03
281.47 58.29 23.32 0.92 0.08 320.00 0 1000 1.0e+11 8.325e-03
282.44 58.29 0.00 0.92 0.00 320.00 1 1000 1.0e+11 8.325e-03
282.85 34.35 97.10 1.01 0.33 320.00 0 1000 1.0e+11 8.325e-03
28.55 179.11 112.74 0.33 1.32 320.00 0 1000 1.0e+11 8.325e-03
289.08 5.21 126.80 1.10 0.41 320.00 0 1000 1.0e+11 8.325e-03
289.90 34.35 73.41 1.01 0.25 320.00 0 1000 1.0e+11 8.325e-03
29.22 197.19 15.81 0.09 0.50 320.00 0 1000 1.0e+11 8.325e-03
294.97 34.35 49.22 1.01 0.17 320.00 0 1000 1.0e+11 8.325e-03
298.03 34.35 24.70 1.01 0.08 320.00 0 1000 1.0e+11 8.325e-03
298.56 5.21 102.50 1.10 0.33 320.00 0 1000 1.0e+11 8.325e-03
299.05 34.35 0.00 1.01 0.00 320.00 10 1000 1.0e+11 8.325e-03
30.08 147.96 180.26 0.54 1.41 320.00 27 1000 1.0e+11 8.325e-03
30.43 197.19 13.35 0.09 0.41 320.00 0 1000 1.0e+11 8.325e-03
306.01 5.21 77.49 1.10 0.25 320.00 0 1000 1.0e+11 8.325e-03
30.61 195.23 39.33 0.14 0.91 320.00 0 1000 1.0e+11 8.325e-03
311.36 5.21 51.96 1.10 0.17 320.00 0 1000 1.0e+11 8.325e-03
31.43 197.19 10.79 0.09 0.33 320.00 0 1000 1.0e+11 8.325e-03
314.59 5.21 26.07 1.10 0.08 320.00 0 1000 1.0e+11 8.325e-03
315.67 5.21 0.00 1.10 0.00 320.00 1 1000 1.0e+11 8.325e-03
31.63 192.46 58.45 0.19 1.07 320.00 0 1000 1.0e+11 8.325e-03
32.21 197.19 8.16 0.09 0.25 320.00 0 1000 1.0e+11 8.325e-03
32.37 184.43 94.28 0.29 1.24 320.00 0 1000 1.0e+11 8.325e-03
32.63 172.87 128.84 0.38 1.32 320.00 0 1000 1.0e+11 8.325e-03
32.77 197.19 5.47 0.09 0.17 320.00 0 1000 1.0e+11 8.325e-03
32.81 137.31 196.65 0.60 1.41 320.00 0 1000 1.0e+11 8.325e-03
33.11 197.19 2.74 0.09 0.08 320.00 0 1000 1.0e+11 8.325e-03
33.23 197.19 0.00 0.09 0.00 320.00 0 1000 1.0e+11 8.325e-03
33.37 188.87 76.07 0.24 1.16 320.00 0 1000 1.0e+11 8.325e-03
33.76 195.23 36.67 0.14 0.83 320.00 0 1000 1.0e+11 8.325e-03
35.55 125.28 213.04 0.66 1.41 320.00 0 1000 1.0e+11 8.325e-03
36.35 192.46 55.63 0.19 0.99 320.00 0 1000 1.0e+11 8.325e-03
36.67 195.23 33.76 0.14 0.74 320.00 0 1000 1.0e+11 8.325e-03
36.71 165.64 144.95 0.44 1.32 320.00 0 1000 1.0e+11 8.325e-03
37.76 179.11 110.00 0.33 1.24 320.00 0 1000 1.0e+11 8.325e-03
38.28 111.68 229.42 0.72 1.41 320.00 0 1000 1.0e+11 8.325e-03
39.33 195.23 30.61 0.14 0.66 320.00 0 1000 1.0e+11 8.325e-03
39.54 188.87 73.06 0.24 1.07 320.00 0 1000 1.0e+11 8.325e-03
40.04 184.43 91.29 0.29 1.16 320.00 0 1000 1.0e+11 8.325e-03
40.78 157.37 161.06 0.49 1.32 320.00 0 1000 1.0e+11 8.325e-03
40.82 192.46 52.44 0.19 0.91 320.00 0 1000 1.0e+11 8.325e-03
4.08 198.36 16.11 0.05 1.32 320.00 0 1000 1.0e+11 8.325e-03
41.02 96.25 245.81 0.78 1.41 320.00 0 1000 1.0e+11 8.325e-03
4.12 195.23 49.67 0.14 1.49 320.00 0 1000 1.0e+11 8.325e-03
41.73 195.23 27.26 0.14 0.58 320.00 0 1000 1.0e+11 8.325e-03
43.16 172.87 125.71 0.38 1.24 320.00 0 1000 1.0e+11 8.325e-03
43.75 78.63 262.20 0.85 1.41 320.00 0 1000 1.0e+11 8.325e-03
43.83 195.23 23.72 0.14 0.50 320.00 0 1000 1.0e+11 8.325e-03
44.86 147.96 177.16 0.54 1.32 320.00 2 1000 1.0e+11 8.325e-03
45.01 192.46 48.89 0.19 0.83 320.00 0 1000 1.0e+11 8.325e-03
45.43 188.87 69.54 0.24 0.99 320.00 0 1000 1.0e+11 8.325e-03
45.64 195.23 20.02 0.14 0.41 320.00 0 1000 1.0e+11 8.325e-03
46.49 58.29 278.59 0.92 1.41 320.00 0 1000 1.0e+11 8.325e-03
46.72 179.11 106.50 0.33 1.16 320.00 0 1000 1.0e+11 8.325e-03
47.14 195.23 16.18 0.14 0.33 320.00 0 1000 1.0e+11 8.325e-03
47.44 184.43 87.67 0.29 1.07 320.00 0 1000 1.0e+11 8.325e-03
48.32 195.23 12.24 0.14 0.25 320.00 0 1000 1.0e+11 8.325e-03
48.55 165.64 141.42 0.44 1.24 320.00 0 1000 1.0e+11 8.325e-03
48.89 192.46 45.01 0.19 0.74 320.00 0 1000 1.0e+11 8.325e-03
48.94 137.31 193.27 0.60 1.32 320.00 0 1000 1.0e+11 8.325e-03
49.16 195.23 8.20 0.14 0.17 320.00 0 1000 1.0e+11 8.325e-03
49.22 34.35 294.97 1.01 1.41 320.00 0 1000 1.0e+11 8.325e-03
49.67 195.23 4.12 0.14 0.08 320.00 0 1000 1.0e+11 8.325e-03
49.84 195.23 0.00 0.14 0.00 320.00 0 1000 1.0e+11 8.325e-03
51.02 188.87 65.55 0.24 0.91 320.00 0 1000 1.0e+11 8.325e-03
51.96 5.21 311.36 1.10 1.41 320.00 0 1000 1.0e+11 8.325e-03
52.44 192.46 40.82 0.19 0.66 320.00 0 1000 1.0e+11 8.325e-03
53.02 125.28 209.37 0.66 1.32 320.00 0 1000 1.0e+11 8.325e-03
53.39 172.87 121.72 0.38 1.16 320.00 0 1000 1.0e+11 8.325e-03
53.95 157.37 157.14 0.49 1.24 320.00 0 1000 1.0e+11 8.325e-03
5.39 198.36 15.71 0.05 1.24 320.00 0 1000 1.0e+11 8.325e-03
54.52 184.43 83.45 0.29 0.99 320.00 0 1000 1.0e+11 8.325e-03
5.47 197.19 32.77 0.09 1.41 320.00 0 1000 1.0e+11 8.325e-03
5.49 192.46 66.23 0.19 1.49 320.00 0 1000 1.0e+11 8.325e-03
55.35 179.11 102.28 0.33 1.07 320.00 0 1000 1.0e+11 8.325e-03
55.63 192.46 36.35 0.19 0.58 320.00 0 1000 1.0e+11 8.325e-03
56.26 188.87 61.12 0.24 0.83 320.00 0 1000 1.0e+11 8.325e-03
57.10 111.68 225.48 0.72 1.32 320.00 0 1000 1.0e+11 8.325e-03
58.45 192.46 31.63 0.19 0.50 320.00 0 1000 1.0e+11 8.325e-03
59.34 147.96 172.85 0.54 1.24 320.00 30 1000 1.0e+11 8.325e-03
60.06 165.64 136.93 0.44 1.16 320.00 0 1000 1.0e+11 8.325e-03
60.86 192.46 26.70 0.19 0.41 320.00 0 1000 1.0e+11 8.325e-03
61.12 188.87 56.26 0.24 0.74 320.00 0 1000 1.0e+11 8.325e-03
61.18 96.25 241.58 0.78 1.32 320.00 0 1000 1.0e+11 8.325e-03
61.23 184.43 78.66 0.29 0.91 320.00 0 1000 1.0e+11 8.325e-03
62.86 192.46 21.58 0.19 0.33 320.00 0 1000 1.0e+11 8.325e-03
63.26 172.87 116.89 0.38 1.07 320.00 0 1000 1.0e+11 8.325e-03
63.61 179.11 97.36 0.33 0.99 320.00 0 1000 1.0e+11 8.325e-03
64.42 192.46 16.31 0.19 0.25 320.00 0 1000 1.0e+11 8.325e-03
64.73 137.31 188.57 0.60 1.24 320.00 0 1000 1.0e+11 8.325e-03
65.26 78.63 257.69 0.85 1.32 320.00 0 1000 1.0e+11 8.325e-03
65.55 188.87 51.02 0.24 0.66 320.00 0 1000 1.0e+11 8.325e-03
65.55 192.46 10.94 0.19 0.17 320.00 0 1000 1.0e+11 8.325e-03
66.23 192.46 5.49 0.19 0.08 320.00 0 1000 1.0e+11 8.325e-03
66.46 192.46 0.00 0.19 0.00 320.00 0 1000 1.0e+11 8.325e-03
66.74 157.37 152.15 0.49 1.16 320.00 0 1000 1.0e+11 8.325e-03
6.67 198.36 15.21 0.05 1.16 320.00 0 1000 1.0e+11 8.325e-03
67.51 184.43 73.34 0.29 0.83 320.00 0 1000 1.0e+11 8.325e-03
6.86 188.87 82.79 0.24 1.49 320.00 0 1000 1.0e+11 8.325e-03
69.33 58.29 273.80 0.92 1.32 320.00 0 1000 1.0e+11 8.325e-03
69.54 188.87 45.43 0.24 0.58 320.00 0 1000 1.0e+11 8.325e-03
70.13 125.28 204.28 0.66 1.24 320.00 0 1000 1.0e+11 8.325e-03
71.17 165.64 131.50 0.44 1.07 320.00 0 1000 1.0e+11 8.325e-03
71.43 179.11 91.78 0.33 0.91 320.00 0 1000 1.0e+11 8.325e-03
72.70 172.87 111.27 0.38 0.99 320.00 0 1000 1.0e+11 8.325e-03
73.06 188.87 39.54 0.24 0.50 320.00 0 1000 1.0e+11 8.325e-03
73.34 184.43 67.51 0.29 0.74 320.00 0 1000 1.0e+11 8.325e-03
73.41 147.96 167.36 0.54 1.16 320.00 0 1000 1.0e+11 8.325e-03
73.41 34.35 289.90 1.01 1.32 320.00 0 1000 1.0e+11 8.325e-03
75.52 111.68 219.99 0.72 1.24 320.00 0 1000 1.0e+11 8.325e-03
76.07 188.87 33.37 0.24 0.41 320.00 0 1000 1.0e+11 8.325e-03
77.49 5.21 306.01 1.10 1.32 320.00 0 1000 1.0e+11 8.325e-03
78.57 188.87 26.97 0.24 0.33 320.00 0 1000 1.0e+11 8.325e-03
78.66 184.43 61.23 0.29 0.66 320.00 0 1000 1.0e+11 8.325e-03
78.77 179.11 85.56 0.33 0.83 320.00 0 1000 1.0e+11 8.325e-03
79.07 157.37 146.12 0.49 1.07 320.00 0 1000 1.0e+11 8.325e-03
7.91 198.36 14.61 0.05 1.07 320.00 0 1000 1.0e+11 8.325e-03
80.09 137.31 182.58 0.60 1.16 320.00 0 1000 1.0e+11 8.325e-03
80.53 188.87 20.39 0.24 0.25 320.00 0 1000 1.0e+11 8.325e-03
80.92 96.25 235.71 0.78 1.24 320.00 0 1000 1.0e+11 8.325e-03
81.64 172.87 104.89 0.38 0.91 320.00 0 1000 1.0e+11 8.325e-03
8.16 197.19 32.21 0.09 1.32 320.00 0 1000 1.0e+11 8.325e-03
81.78 165.64 125.18 0.44 0.99 320.00 0 1000 1.0e+11 8.325e-03
81.94 188.87 13.67 0.24 0.17 320.00 0 1000 1.0e+11 8.325e-03
8.20 195.23 49.16 0.14 1.41 320.00 0 1000 1.0e+11 8.325e-03
8.23 184.43 99.34 0.29 1.49 320.00 0 1000 1.0e+11 8.325e-03
82.79 188.87 6.86 0.24 0.08 320.00 0 1000 1.0e+11 8.325e-03
83.07 188.87 0.00 0.24 0.00 320.00 0 1000 1.0e+11 8.325e-03
83.45 184.43 54.52 0.29 0.58 320.00 0 1000 1.0e+11 8.325e-03
85.56 179.11 78.77 0.33 0.74 320.00 0 1000 1.0e+11 8.325e-03
86.31 78.63 251.42 0.85 1.24 320.00 0 1000 1.0e+11 8.325e-03
86.76 125.28 197.79 0.66 1.16 320.00 0 1000 1.0e+11 8.325e-03
86.98 147.96 160.73 0.54 1.07 320.00 42 1000 1.0e+11 8.325e-03
87.67 184.43 47.44 0.29 0.50 320.00 0 1000 1.0e+11 8.325e-03
90.02 172.87 97.79 0.38 0.83 320.00 0 1000 1.0e+11 8.325e-03
90.87 157.37 139.09 0.49 0.99 320.00 0 1000 1.0e+11 8.325e-03
9.09 198.36 13.91 0.05 0.99 320.00 0 1000 1.0e+11 8.325e-03
91.29 184.43 40.04 0.29 0.41 320.00 0 1000 1.0e+11 8.325e-03
91.71 58.29 267.13 0.92 1.24 320.00 0 1000 1.0e+11 8.325e-03
91.78 179.11 71.43 0.33 0.66 320.00 0 1000 1.0e+11 8.325e-03
91.84 165.64 118.00 0.44 0.91 320.00 0 1000 1.0e+11 8.325e-03
93.43 111.68 213.00 0.72 1.16 320.00 0 1000 1.0e+11 8.325e-03
94.28 184.43 32.37 0.29 0.33 320.00 0 1000 1.0e+11 8.325e-03
94.89 137.31 175.34 0.60 1.07 320.00 0 1000 1.0e+11 8.325e-03
9.60 179.11 115.90 0.33 1.49 320.00 0 1000 1.0e+11 8.325e-03
96.63 184.43 24.47 0.29 0.25 320.00 0 1000 1.0e+11 8.325e-03
97.10 34.35 282.85 1.01 1.24 320.00 0 1000 1.0e+11 8.325e-03
97.36 179.11 63.61 0.33 0.58 320.00 0 1000 1.0e+11 8.325e-03
97.79 172.87 90.02 0.38 0.74 320.00 0 1000 1.0e+11 8.325e-03
98.32 184.43 16.41 0.29 0.17 320.00 0 1000 1.0e+11 8.325e-03
99.34 184.43 8.23 0.29 0.08 320.00 0 1000 1.0e+11 8.325e-03
99.68 184.43 0.00 0.29 0.00 320.00 0 1000 1.0e+11 8.325e-03
99.96 147.96 153.00 0.54 0.99 320.00 34 1000 1.0e+11 8.325e-03
