0.00 -111.25 0.00 0.00 0.00 10.00 191 1000
0.00 -111.31 2.33 0.05 1.57 10.00 166 1000
0.00 -111.50 4.65 0.11 1.57 10.00 172 1000
0.00 -111.80 6.98 0.16 1.57 10.00 73 1000
0.00 -112.24 9.31 0.21 1.57 10.00 87 1000
0.00 -112.81 11.63 0.27 1.57 10.00 87 1000
0.00 -113.51 13.96 0.32 1.57 10.00 87 1000
0.00 -114.36 16.28 0.38 1.57 10.00 74 1000
0.00 -115.36 18.61 0.43 1.57 10.00 73 1000
0.00 -116.52 20.94 0.49 1.57 10.00 88 1000
0.00 -117.87 23.26 0.55 1.57 10.00 173 1000
0.00 -119.41 25.59 0.62 1.57 10.00 185 1000
0.00 -121.18 27.92 0.68 1.57 10.00 159 1000
0.00 -123.22 30.24 0.75 1.57 10.00 137 1000
0.00 -125.57 32.57 0.83 1.57 10.00 52 1000
0.00 -128.32 34.89 0.91 1.57 10.00 55 1000
0.00 -131.61 37.22 1.00 1.57 10.00 25 1000
0.00 -135.71 39.55 1.11 1.57 10.00 0 1000
0.00 -141.30 41.87 1.24 1.57 10.00 1 1000
0.00 -155.45 44.20 1.57 1.57 10.00 0 1000
0.19 -111.31 2.32 0.05 1.49 10.00 205 1000
0.38 -111.31 2.29 0.05 1.41 10.00 191 1000
0.38 -111.50 4.64 0.11 1.49 10.00 174 1000
0.57 -111.31 2.26 0.05 1.32 10.00 175 1000
0.58 -111.80 6.96 0.16 1.49 10.00 66 1000
0.76 -111.31 2.20 0.05 1.24 10.00 172 1000
0.77 -111.50 4.59 0.11 1.41 10.00 205 1000
0.77 -112.24 9.27 0.21 1.49 10.00 71 1000
0.93 -111.31 2.13 0.05 1.16 10.00 209 1000
0.96 -112.81 11.59 0.27 1.49 10.00 170 1000
10.00 -114.36 12.85 0.38 0.91 10.00 165 1000
10.18 -115.36 15.58 0.43 0.99 10.00 170 1000
10.23 -112.81 5.54 0.27 0.50 10.00 65 1000
10.27 -113.51 9.45 0.32 0.74 10.00 181 1000
10.28 -119.41 23.43 0.62 1.16 10.00 197 1000
10.28 -141.30 40.59 1.24 1.32 10.00 0 1000
10.57 -125.57 30.80 0.83 1.24 10.00 50 1000
10.65 -112.81 4.67 0.27 0.41 10.00 186 1000
10.85 -155.45 42.85 1.57 1.32 10.00 0 1000
11.00 -112.81 3.78 0.27 0.33 10.00 192 1000
11.01 -113.51 8.57 0.32 0.66 10.00 159 1000
11.03 -114.36 11.98 0.38 0.83 10.00 185 1000
11.07 -117.87 20.46 0.55 1.07 10.00 162 1000
1.11 -111.31 2.05 0.05 1.07 10.00 158 1000
11.21 -121.18 25.56 0.68 1.16 10.00 185 1000
11.28 -112.81 2.86 0.27 0.25 10.00 175 1000
11.33 -128.32 33.00 0.91 1.24 10.00 39 1000
11.43 -115.36 14.69 0.43 0.91 10.00 162 1000
11.45 -116.52 17.53 0.49 0.99 10.00 75 1000
11.47 -112.81 1.91 0.27 0.17 10.00 201 1000
1.14 -111.50 4.51 0.11 1.32 10.00 208 1000
11.59 -112.81 0.96 0.27 0.08 10.00 192 1000
1.15 -111.80 6.88 0.16 1.41 10.00 81 1000
1.15 -113.51 13.91 0.32 1.49 10.00 164 1000
11.63 -112.81 0.00 0.27 0.00 10.00 196 1000
11.69 -113.51 7.63 0.32 0.58 10.00 88 1000
11.98 -114.36 11.03 0.38 0.74 10.00 152 1000
12.09 -131.61 35.20 1.00 1.24 10.00 36 1000
12.15 -123.22 27.69 0.75 1.16 10.00 146 1000
12.18 -119.41 22.51 0.62 1.07 10.00 165 1000
12.28 -113.51 6.64 0.32 0.50 10.00 78 1000
12.60 -115.36 13.69 0.43 0.83 10.00 149 1000
12.72 -117.87 19.48 0.55 0.99 10.00 182 1000
12.78 -113.51 5.61 0.32 0.41 10.00 172 1000
1.27 -111.31 1.95 0.05 0.99 10.00 200 1000
12.84 -135.71 37.40 1.11 1.24 10.00 6 1000
12.85 -114.36 10.00 0.38 0.66 10.00 112 1000
12.86 -116.52 16.52 0.49 0.91 10.00 69 1000
13.08 -125.57 29.83 0.83 1.16 10.00 50 1000
13.20 -113.51 4.53 0.32 0.33 10.00 170 1000
13.29 -121.18 24.55 0.68 1.07 10.00 160 1000
1.34 -114.36 16.23 0.38 1.49 10.00 72 1000
13.53 -113.51 3.43 0.32 0.25 10.00 178 1000
13.60 -141.30 39.60 1.24 1.24 10.00 0 1000
13.63 -114.36 8.91 0.38 0.58 10.00 83 1000
13.69 -115.36 12.60 0.43 0.74 10.00 74 1000
13.77 -113.51 2.30 0.32 0.17 10.00 190 1000
13.91 -113.51 1.15 0.32 0.08 10.00 166 1000
13.96 -113.51 0.00 0.32 0.00 10.00 197 1000
14.00 -119.41 21.42 0.62 0.99 10.00 181 1000
14.02 -128.32 31.96 0.91 1.16 10.00 43 1000
14.18 -116.52 15.40 0.49 0.83 10.00 93 1000
14.29 -117.87 18.36 0.55 0.91 10.00 182 1000
14.32 -114.36 7.75 0.38 0.50 10.00 85 1000
14.35 -155.45 41.81 1.57 1.24 10.00 0 1000
14.39 -123.22 26.60 0.75 1.07 10.00 133 1000
1.43 -111.31 1.84 0.05 0.91 10.00 194 1000
14.69 -115.36 11.43 0.43 0.66 10.00 66 1000
14.91 -114.36 6.54 0.38 0.41 10.00 83 1000
14.95 -131.61 34.09 1.00 1.16 10.00 42 1000
1.51 -111.50 4.40 0.11 1.24 10.00 200 1000
15.27 -121.18 23.37 0.68 0.99 10.00 158 1000
1.53 -112.24 9.18 0.21 1.41 10.00 209 1000
15.40 -114.36 5.29 0.38 0.33 10.00 188 1000
15.40 -116.52 14.18 0.49 0.74 10.00 60 1000
1.54 -115.36 18.55 0.43 1.49 10.00 88 1000
15.50 -125.57 28.64 0.83 1.07 10.00 39 1000
15.58 -115.36 10.18 0.43 0.58 10.00 70 1000
15.72 -119.41 20.19 0.62 0.91 10.00 149 1000
15.76 -117.87 17.12 0.55 0.83 10.00 76 1000
15.79 -114.36 4.00 0.38 0.25 10.00 179 1000
15.89 -135.71 36.22 1.11 1.16 10.00 11 1000
1.58 -111.31 1.71 0.05 0.83 10.00 176 1000
16.06 -114.36 2.68 0.38 0.17 10.00 170 1000
16.23 -114.36 1.34 0.38 0.08 10.00 198 1000
16.28 -114.36 0.00 0.38 0.00 10.00 186 1000
16.37 -115.36 8.86 0.43 0.50 10.00 70 1000
16.52 -116.52 12.86 0.49 0.66 10.00 62 1000
16.54 -123.22 25.32 0.75 0.99 10.00 148 1000
16.61 -128.32 30.69 0.91 1.07 10.00 34 1000
16.82 -141.30 38.35 1.24 1.16 10.00 0 1000
17.04 -115.36 7.48 0.43 0.41 10.00 72 1000
17.12 -117.87 15.76 0.55 0.74 10.00 76 1000
17.15 -121.18 22.03 0.68 0.91 10.00 174 1000
1.71 -111.31 1.58 0.05 0.74 10.00 183 1000
1.71 -111.80 6.77 0.16 1.32 10.00 95 1000
17.33 -119.41 18.83 0.62 0.83 10.00 170 1000
1.73 -116.52 20.87 0.49 1.49 10.00 71 1000
17.53 -116.52 11.45 0.49 0.58 10.00 67 1000
17.60 -115.36 6.04 0.43 0.33 10.00 76 1000
17.72 -131.61 32.73 1.00 1.07 10.00 36 1000
17.75 -155.45 40.48 1.57 1.16 10.00 1 1000
17.81 -125.57 27.27 0.83 0.99 10.00 57 1000
18.04 -115.36 4.57 0.43 0.25 10.00 90 1000
18.36 -115.36 3.06 0.43 0.17 10.00 158 1000
18.36 -117.87 14.29 0.55 0.66 10.00 150 1000
18.41 -116.52 9.96 0.49 0.50 10.00 78 1000
1.84 -111.31 1.43 0.05 0.66 10.00 192 1000
18.55 -115.36 1.54 0.43 0.08 10.00 169 1000
18.58 -123.22 23.87 0.75 0.91 10.00 76 1000
18.61 -115.36 0.00 0.43 0.00 10.00 172 1000
1.87 -111.50 4.26 0.11 1.16 10.00 181 1000
18.82 -135.71 34.78 1.11 1.07 10.00 16 1000
18.83 -119.41 17.33 0.62 0.74 10.00 174 1000
18.91 -121.18 20.54 0.68 0.83 10.00 159 1000
19.09 -128.32 29.21 0.91 0.99 10.00 41 1000
19.17 -116.52 8.41 0.49 0.41 10.00 80 1000
1.91 -112.81 11.47 0.27 1.41 10.00 159 1000
1.92 -117.87 23.18 0.55 1.49 10.00 171 1000
19.48 -117.87 12.72 0.55 0.58 10.00 171 1000
1.95 -111.31 1.27 0.05 0.58 10.00 191 1000
19.80 -116.52 6.80 0.49 0.33 10.00 82 1000
19.93 -141.30 36.83 1.24 1.07 10.00 0 1000
20.00 -125.57 25.70 0.83 0.91 10.00 46 1000
20.19 -119.41 15.72 0.62 0.66 10.00 166 1000
20.30 -116.52 5.14 0.49 0.25 10.00 72 1000
20.36 -131.61 31.16 1.00 0.99 10.00 27 1000
20.46 -117.87 11.07 0.55 0.50 10.00 206 1000
20.48 -123.22 22.25 0.75 0.83 10.00 59 1000
20.54 -121.18 18.91 0.68 0.74 10.00 165 1000
2.05 -111.31 1.11 0.05 0.50 10.00 193 1000
20.65 -116.52 3.45 0.49 0.17 10.00 79 1000
20.87 -116.52 1.73 0.49 0.08 10.00 79 1000
20.94 -116.52 0.00 0.49 0.00 10.00 92 1000
21.04 -155.45 38.87 1.57 1.07 10.00 1 1000
2.11 -119.41 25.50 0.62 1.49 10.00 187 1000
21.30 -117.87 9.34 0.55 0.41 10.00 160 1000
2.13 -111.31 0.93 0.05 0.41 10.00 201 1000
21.42 -119.41 14.00 0.62 0.58 10.00 171 1000
21.43 -128.32 27.54 0.91 0.91 10.00 36 1000
21.63 -135.71 33.11 1.11 0.99 10.00 12 1000
22.00 -117.87 7.55 0.55 0.33 10.00 145 1000
22.03 -121.18 17.15 0.68 0.66 10.00 166 1000
22.06 -125.57 23.96 0.83 0.83 10.00 40 1000
2.20 -111.31 0.76 0.05 0.33 10.00 182 1000
2.21 -111.50 4.09 0.11 1.07 10.00 199 1000
22.25 -123.22 20.48 0.75 0.74 10.00 58 1000
22.51 -119.41 12.18 0.62 0.50 10.00 170 1000
22.55 -117.87 5.71 0.55 0.25 10.00 71 1000
2.26 -111.31 0.57 0.05 0.25 10.00 188 1000
2.27 -111.80 6.60 0.16 1.24 10.00 88 1000
22.86 -131.61 29.37 1.00 0.91 10.00 24 1000
2.28 -112.24 9.02 0.21 1.32 10.00 180 1000
22.90 -141.30 35.06 1.24 0.99 10.00 0 1000
22.95 -117.87 3.83 0.55 0.17 10.00 163 1000
2.29 -111.31 0.38 0.05 0.17 10.00 191 1000
2.30 -113.51 13.77 0.32 1.41 10.00 183 1000
23.18 -117.87 1.92 0.55 0.08 10.00 168 1000
2.31 -121.18 27.82 0.68 1.49 10.00 181 1000
23.26 -117.87 0.00 0.55 0.00 10.00 179 1000
2.32 -111.31 0.19 0.05 0.08 10.00 211 1000
23.37 -121.18 15.27 0.68 0.58 10.00 166 1000
2.33 -111.31 0.00 0.05 0.00 10.00 192 1000
23.43 -119.41 10.28 0.62 0.41 10.00 176 1000
23.63 -128.32 25.67 0.91 0.83 10.00 45 1000
23.87 -123.22 18.58 0.75 0.66 10.00 57 1000
23.96 -125.57 22.06 0.83 0.74 10.00 40 1000
24.18 -155.45 37.00 1.57 0.99 10.00 0 1000
24.20 -119.41 8.31 0.62 0.33 10.00 164 1000
24.29 -135.71 31.21 1.11 0.91 10.00 11 1000
24.55 -121.18 13.29 0.68 0.50 10.00 186 1000
24.81 -119.41 6.28 0.62 0.25 10.00 69 1000
2.50 -123.22 30.14 0.75 1.49 10.00 158 1000
25.21 -131.61 27.38 1.00 0.83 10.00 28 1000
25.24 -119.41 4.21 0.62 0.17 10.00 156 1000
25.32 -123.22 16.54 0.75 0.58 10.00 133 1000
2.54 -111.50 3.90 0.11 0.99 10.00 179 1000
25.50 -119.41 2.11 0.62 0.08 10.00 183 1000
25.56 -121.18 11.21 0.68 0.41 10.00 179 1000
25.59 -119.41 0.00 0.62 0.00 10.00 167 1000
25.67 -128.32 23.63 0.91 0.74 10.00 33 1000
25.70 -125.57 20.00 0.83 0.66 10.00 45 1000
25.72 -141.30 33.04 1.24 0.91 10.00 0 1000
26.40 -121.18 9.06 0.68 0.33 10.00 173 1000
26.60 -123.22 14.39 0.75 0.50 10.00 164 1000
26.78 -135.71 29.10 1.11 0.83 10.00 9 1000
2.68 -114.36 16.06 0.38 1.41 10.00 170 1000
2.69 -125.57 32.46 0.83 1.49 10.00 48 1000
27.06 -121.18 6.85 0.68 0.25 10.00 65 1000
27.15 -155.45 34.88 1.57 0.91 10.00 0 1000
27.27 -125.57 17.81 0.83 0.58 10.00 51 1000
27.38 -131.61 25.21 1.00 0.74 10.00 17 1000
27.54 -121.18 4.59 0.68 0.17 10.00 173 1000
27.54 -128.32 21.43 0.91 0.66 10.00 36 1000
27.69 -123.22 12.15 0.75 0.41 10.00 150 1000
27.82 -121.18 2.31 0.68 0.08 10.00 187 1000
27.92 -121.18 0.00 0.68 0.00 10.00 173 1000
2.80 -111.80 6.39 0.16 1.16 10.00 90 1000
28.36 -141.30 30.81 1.24 0.83 10.00 0 1000
28.60 -123.22 9.82 0.75 0.33 10.00 50 1000
28.64 -125.57 15.50 0.83 0.50 10.00 37 1000
2.86 -111.50 3.67 0.11 0.91 10.00 194 1000
2.86 -112.81 11.28 0.27 1.32 10.00 177 1000
2.88 -128.32 34.78 0.91 1.49 10.00 51 1000
29.10 -135.71 26.78 1.11 0.74 10.00 16 1000
29.21 -128.32 19.09 0.91 0.58 10.00 48 1000
29.32 -123.22 7.42 0.75 0.25 10.00 64 1000
29.37 -131.61 22.86 1.00 0.66 10.00 39 1000
29.83 -123.22 4.98 0.75 0.17 10.00 68 1000
29.83 -125.57 13.08 0.83 0.41 10.00 58 1000
29.94 -155.45 32.52 1.57 0.83 10.00 0 1000
30.14 -123.22 2.50 0.75 0.08 10.00 145 1000
30.24 -123.22 0.00 0.75 0.00 10.00 137 1000
3.02 -112.24 8.80 0.21 1.24 10.00 171 1000
30.69 -128.32 16.61 0.91 0.50 10.00 41 1000
3.06 -115.36 18.36 0.43 1.41 10.00 81 1000
3.07 -131.61 37.09 1.00 1.49 10.00 59 1000
30.80 -125.57 10.57 0.83 0.33 10.00 45 1000
30.81 -141.30 28.36 1.24 0.74 10.00 0 1000
31.16 -131.61 20.36 1.00 0.58 10.00 26 1000
31.21 -135.71 24.29 1.11 0.66 10.00 8 1000
31.57 -125.57 8.00 0.83 0.25 10.00 57 1000
3.15 -111.50 3.42 0.11 0.83 10.00 186 1000
31.96 -128.32 14.02 0.91 0.41 10.00 36 1000
32.12 -125.57 5.36 0.83 0.17 10.00 42 1000
32.46 -125.57 2.69 0.83 0.08 10.00 61 1000
32.52 -155.45 29.94 1.57 0.74 10.00 0 1000
32.57 -125.57 0.00 0.83 0.00 10.00 60 1000
32.73 -131.61 17.72 1.00 0.50 10.00 33 1000
3.27 -135.71 39.41 1.11 1.49 10.00 0 1000
33.00 -128.32 11.33 0.91 0.33 10.00 38 1000
33.04 -141.30 25.72 1.24 0.66 10.00 0 1000
33.11 -135.71 21.63 1.11 0.58 10.00 15 1000
3.32 -111.80 6.14 0.16 1.07 10.00 77 1000
33.83 -128.32 8.57 0.91 0.25 10.00 49 1000
34.09 -131.61 14.95 1.00 0.41 10.00 37 1000
3.42 -111.50 3.15 0.11 0.74 10.00 184 1000
3.43 -113.51 13.53 0.32 1.32 10.00 176 1000
34.42 -128.32 5.74 0.91 0.17 10.00 52 1000
3.45 -116.52 20.65 0.49 1.41 10.00 78 1000
3.46 -141.30 41.73 1.24 1.49 10.00 0 1000
34.78 -128.32 2.88 0.91 0.08 10.00 50 1000
34.78 -135.71 18.82 1.11 0.50 10.00 7 1000
34.88 -155.45 27.15 1.57 0.66 10.00 1 1000
34.89 -128.32 0.00 0.91 0.00 10.00 61 1000
35.06 -141.30 22.90 1.24 0.58 10.00 1 1000
35.20 -131.61 12.09 1.00 0.33 10.00 34 1000
36.08 -131.61 9.14 1.00 0.25 10.00 17 1000
36.22 -135.71 15.89 1.11 0.41 10.00 10 1000
3.65 -155.45 44.05 1.57 1.49 10.00 0 1000
36.71 -131.61 6.13 1.00 0.17 10.00 0 1000
3.67 -111.50 2.86 0.11 0.66 10.00 179 1000
36.83 -141.30 19.93 1.24 0.50 10.00 0 1000
37.00 -155.45 24.18 1.57 0.58 10.00 1 1000
37.09 -131.61 3.07 1.00 0.08 10.00 52 1000
37.22 -131.61 0.00 1.00 0.00 10.00 26 1000
37.40 -135.71 12.84 1.11 0.33 10.00 12 1000
3.74 -112.24 8.52 0.21 1.16 10.00 193 1000
3.78 -112.81 11.00 0.27 1.24 10.00 188 1000
3.82 -111.80 5.84 0.16 0.99 10.00 68 1000
38.34 -135.71 9.71 1.11 0.25 10.00 0 1000
38.35 -141.30 16.82 1.24 0.41 10.00 0 1000
3.83 -117.87 22.95 0.55 1.41 10.00 153 1000
38.87 -155.45 21.04 1.57 0.50 10.00 0 1000
39.01 -135.71 6.51 1.11 0.17 10.00 0 1000
3.90 -111.50 2.54 0.11 0.58 10.00 194 1000
39.41 -135.71 3.27 1.11 0.08 10.00 0 1000
39.55 -135.71 0.00 1.11 0.00 10.00 0 1000
39.60 -141.30 13.60 1.24 0.33 10.00 0 1000
4.00 -114.36 15.79 0.38 1.32 10.00 177 1000
40.48 -155.45 17.75 1.57 0.41 10.00 0 1000
40.59 -141.30 10.28 1.24 0.25 10.00 1 1000
4.09 -111.50 2.21 0.11 0.50 10.00 163 1000
41.30 -141.30 6.89 1.24 0.17 10.00 1 1000
41.73 -141.30 3.46 1.24 0.08 10.00 0 1000
41.81 -155.45 14.35 1.57 0.33 10.00 0 1000
41.87 -141.30 0.00 1.24 0.00 10.00 0 1000
4.21 -119.41 25.24 0.62 1.41 10.00 186 1000
4.26 -111.50 1.87 0.11 0.41 10.00 164 1000
42.85 -155.45 10.85 1.57 0.25 10.00 0 1000
4.29 -111.80 5.51 0.16 0.91 10.00 78 1000
43.60 -155.45 7.28 1.57 0.17 10.00 0 1000
44.05 -155.45 3.65 1.57 0.08 10.00 1 1000
4.40 -111.50 1.51 0.11 0.33 10.00 175 1000
44.20 -155.45 0.00 1.57 0.00 10.00 1 1000
4.43 -112.24 8.18 0.21 1.07 10.00 190 1000
4.51 -111.50 1.14 0.11 0.25 10.00 170 1000
4.53 -113.51 13.20 0.32 1.24 10.00 174 1000
4.57 -115.36 18.04 0.43 1.32 10.00 77 1000
4.59 -111.50 0.77 0.11 0.17 10.00 180 1000
4.59 -121.18 27.54 0.68 1.41 10.00 162 1000
4.64 -111.50 0.38 0.11 0.08 10.00 180 1000
4.65 -111.50 0.00 0.11 0.00 10.00 177 1000
4.67 -112.81 10.65 0.27 1.16 10.00 186 1000
4.73 -111.80 5.13 0.16 0.83 10.00 92 1000
4.98 -123.22 29.83 0.75 1.41 10.00 66 1000
5.09 -112.24 7.79 0.21 0.99 10.00 161 1000
5.13 -111.80 4.73 0.16 0.74 10.00 98 1000
5.14 -116.52 20.30 0.49 1.32 10.00 80 1000
5.29 -114.36 15.40 0.38 1.24 10.00 178 1000
5.36 -125.57 32.12 0.83 1.41 10.00 48 1000
5.51 -111.80 4.29 0.16 0.66 10.00 79 1000
5.54 -112.81 10.23 0.27 1.07 10.00 192 1000
5.61 -113.51 12.78 0.32 1.16 10.00 181 1000
5.71 -117.87 22.55 0.55 1.32 10.00 82 1000
5.72 -112.24 7.34 0.21 0.91 10.00 164 1000
5.74 -128.32 34.42 0.91 1.41 10.00 48 1000
5.84 -111.80 3.82 0.16 0.58 10.00 87 1000
6.04 -115.36 17.60 0.43 1.24 10.00 164 1000
6.13 -131.61 36.71 1.00 1.41 10.00 0 1000
6.14 -111.80 3.32 0.16 0.50 10.00 91 1000
6.28 -119.41 24.81 0.62 1.32 10.00 80 1000
6.30 -112.24 6.85 0.21 0.83 10.00 172 1000
6.36 -112.81 9.74 0.27 0.99 10.00 211 1000
6.39 -111.80 2.80 0.16 0.41 10.00 68 1000
6.51 -135.71 39.01 1.11 1.41 10.00 0 1000
6.54 -114.36 14.91 0.38 1.16 10.00 173 1000
6.60 -111.80 2.27 0.16 0.33 10.00 74 1000
6.64 -113.51 12.28 0.32 1.07 10.00 207 1000
6.77 -111.80 1.71 0.16 0.25 10.00 89 1000
6.80 -116.52 19.80 0.49 1.24 10.00 58 1000
6.85 -112.24 6.30 0.21 0.74 10.00 184 1000
6.85 -121.18 27.06 0.68 1.32 10.00 70 1000
6.88 -111.80 1.15 0.16 0.17 10.00 85 1000
6.89 -141.30 41.30 1.24 1.41 10.00 0 1000
6.96 -111.80 0.58 0.16 0.08 10.00 85 1000
6.98 -111.80 0.00 0.16 0.00 10.00 86 1000
7.14 -112.81 9.18 0.27 0.91 10.00 204 1000
7.28 -155.45 43.60 1.57 1.41 10.00 0 1000
7.34 -112.24 5.72 0.21 0.66 10.00 86 1000
7.42 -123.22 29.32 0.75 1.32 10.00 70 1000
7.48 -115.36 17.04 0.43 1.16 10.00 150 1000
7.55 -117.87 22.00 0.55 1.24 10.00 150 1000
7.63 -113.51 11.69 0.32 0.99 10.00 183 1000
7.75 -114.36 14.32 0.38 1.07 10.00 180 1000
7.79 -112.24 5.09 0.21 0.58 10.00 95 1000
7.88 -112.81 8.56 0.27 0.83 10.00 188 1000
8.00 -125.57 31.57 0.83 1.32 10.00 46 1000
8.18 -112.24 4.43 0.21 0.50 10.00 87 1000
8.31 -119.41 24.20 0.62 1.24 10.00 159 1000
8.41 -116.52 19.17 0.49 1.16 10.00 77 1000
8.52 -112.24 3.74 0.21 0.41 10.00 86 1000
8.56 -112.81 7.88 0.27 0.74 10.00 184 1000
8.57 -113.51 11.01 0.32 0.91 10.00 207 1000
8.57 -128.32 33.83 0.91 1.32 10.00 48 1000
8.80 -112.24 3.02 0.21 0.33 10.00 191 1000
8.86 -115.36 16.37 0.43 1.07 10.00 163 1000
8.91 -114.36 13.63 0.38 0.99 10.00 188 1000
9.02 -112.24 2.28 0.21 0.25 10.00 189 1000
9.06 -121.18 26.40 0.68 1.24 10.00 173 1000
9.14 -131.61 36.08 1.00 1.32 10.00 20 1000
9.18 -112.24 1.53 0.21 0.17 10.00 161 1000
9.18 -112.81 7.14 0.27 0.66 10.00 166 1000
9.27 -112.24 0.77 0.21 0.08 10.00 185 1000
9.31 -112.24 0.00 0.21 0.00 10.00 194 1000
9.34 -117.87 21.30 0.55 1.16 10.00 184 1000
9.45 -113.51 10.27 0.32 0.83 10.00 157 1000
9.71 -135.71 38.34 1.11 1.32 10.00 0 1000
9.74 -112.81 6.36 0.27 0.58 10.00 113 1000
9.82 -123.22 28.60 0.75 1.24 10.00 68 1000
9.96 -116.52 18.41 0.49 1.07 10.00 78 1000
