0.000 -102.723 52.206 0.780 1.571 40.00 331 1000 1.0e+11 1.0e+11
0.000 -106.413 55.686 0.849 1.571 40.00 0 1000 1.0e+11 1.0e+11
0.000 -110.674 59.167 0.923 1.571 40.00 0 1000 1.0e+11 1.0e+11
0.000 -115.689 62.647 1.005 1.571 40.00 0 1000 1.0e+11 1.0e+11
0.000 -121.793 66.128 1.100 1.571 40.00 0 1000 1.0e+11 1.0e+11
0.000 -81.250 0.000 0.000 1.571 40.00 301 1000 1.0e+11 1.0e+11
0.000 -81.250 0.000 0.000 1.653 40.00 301 1000 1.0e+11 1.0e+11
0.000 -81.250 0.000 0.000 1.736 40.00 301 1000 1.0e+11 1.0e+11
0.000 -81.250 0.000 0.000 1.819 40.00 301 1000 1.0e+11 1.0e+11
0.000 -81.250 0.000 0.000 1.901 40.00 301 1000 1.0e+11 1.0e+11
0.000 -81.250 0.000 0.000 1.984 40.00 301 1000 1.0e+11 1.0e+11
0.000 -81.250 0.000 0.000 2.067 40.00 301 1000 1.0e+11 1.0e+11
0.000 -81.250 0.000 0.000 2.150 40.00 301 1000 1.0e+11 1.0e+11
0.000 -81.250 0.000 0.000 2.232 40.00 301 1000 1.0e+11 1.0e+11
0.000 -81.250 0.000 0.000 2.315 40.00 301 1000 1.0e+11 1.0e+11
0.000 -81.250 0.000 0.000 2.398 40.00 301 1000 1.0e+11 1.0e+11
0.000 -81.250 0.000 0.000 2.480 40.00 301 1000 1.0e+11 1.0e+11
0.000 -81.250 0.000 0.000 2.563 40.00 301 1000 1.0e+11 1.0e+11
0.000 -81.250 0.000 0.000 2.646 40.00 301 1000 1.0e+11 1.0e+11
0.000 -81.250 0.000 0.000 2.728 40.00 301 1000 1.0e+11 1.0e+11
0.000 -81.250 0.000 0.000 2.811 40.00 301 1000 1.0e+11 1.0e+11
0.000 -81.250 0.000 0.000 2.894 40.00 301 1000 1.0e+11 1.0e+11
0.000 -81.250 0.000 0.000 2.976 40.00 301 1000 1.0e+11 1.0e+11
0.000 -81.250 0.000 0.000 3.059 40.00 301 1000 1.0e+11 1.0e+11
0.000 -81.250 0.000 0.000 3.142 40.00 301 1000 1.0e+11 1.0e+11
0.000 -81.332 3.480 0.047 1.571 40.00 275 1000 1.0e+11 1.0e+11
0.000 -81.577 6.961 0.094 1.571 40.00 291 1000 1.0e+11 1.0e+11
0.000 -81.988 10.441 0.141 1.571 40.00 327 1000 1.0e+11 1.0e+11
0.000 -82.568 13.922 0.189 1.571 40.00 0 1000 1.0e+11 1.0e+11
0.000 -83.319 17.402 0.237 1.571 40.00 0 1000 1.0e+11 1.0e+11
0.000 -84.249 20.882 0.285 1.571 40.00 0 1000 1.0e+11 1.0e+11
0.000 -85.364 24.363 0.335 1.571 40.00 0 1000 1.0e+11 1.0e+11
0.000 -86.672 27.843 0.385 1.571 40.00 0 1000 1.0e+11 1.0e+11
0.000 -88.186 31.324 0.436 1.571 40.00 0 1000 1.0e+11 1.0e+11
0.000 -89.919 34.804 0.488 1.571 40.00 0 1000 1.0e+11 1.0e+11
0.000 -91.889 38.284 0.542 1.571 40.00 289 1000 1.0e+11 1.0e+11
0.000 -94.120 41.765 0.598 1.571 40.00 275 1000 1.0e+11 1.0e+11
0.000 -96.641 45.245 0.656 1.571 40.00 280 1000 1.0e+11 1.0e+11
0.000 -99.491 48.726 0.716 1.571 40.00 313 1000 1.0e+11 1.0e+11
-0.287 -81.332 3.469 0.047 1.653 40.00 288 1000 1.0e+11 1.0e+11
-0.573 -81.332 3.433 0.047 1.736 40.00 276 1000 1.0e+11 1.0e+11
-0.575 -81.577 6.937 0.094 1.653 40.00 294 1000 1.0e+11 1.0e+11
-0.854 -81.332 3.374 0.047 1.819 40.00 260 1000 1.0e+11 1.0e+11
-0.862 -81.988 10.406 0.141 1.653 40.00 336 1000 1.0e+11 1.0e+11
-10.122 -81.988 2.563 0.141 2.894 40.00 344 1000 1.0e+11 1.0e+11
-10.171 -88.186 29.626 0.436 1.901 40.00 344 1000 1.0e+11 1.0e+11
-10.242 -82.568 9.429 0.189 2.398 40.00 0 1000 1.0e+11 1.0e+11
-10.253 -94.120 40.487 0.598 1.819 40.00 0 1000 1.0e+11 1.0e+11
-10.299 -81.988 1.719 0.141 2.976 40.00 334 1000 1.0e+11 1.0e+11
-10.311 -115.689 61.793 1.005 1.736 40.00 0 1000 1.0e+11 1.0e+11
-10.406 -81.988 0.862 0.141 3.059 40.00 315 1000 1.0e+11 1.0e+11
-10.441 -81.988 0.000 0.141 3.142 40.00 346 1000 1.0e+11 1.0e+11
-10.689 -83.319 13.733 0.237 2.232 40.00 277 1000 1.0e+11 1.0e+11
-10.884 -121.793 65.226 1.100 1.736 40.00 0 1000 1.0e+11 1.0e+11
-10.986 -82.568 8.551 0.189 2.480 40.00 0 1000 1.0e+11 1.0e+11
-11.107 -96.641 43.861 0.656 1.819 40.00 0 1000 1.0e+11 1.0e+11
-11.184 -86.672 25.498 0.385 1.984 40.00 283 1000 1.0e+11 1.0e+11
-11.301 -89.919 32.918 0.488 1.901 40.00 0 1000 1.0e+11 1.0e+11
-1.130 -81.332 3.292 0.047 1.901 40.00 281 1000 1.0e+11 1.0e+11
-11.422 -84.249 17.482 0.285 2.150 40.00 255 1000 1.0e+11 1.0e+11
-1.146 -81.577 6.866 0.094 1.736 40.00 289 1000 1.0e+11 1.0e+11
-1.150 -82.568 13.874 0.189 1.653 40.00 0 1000 1.0e+11 1.0e+11
-11.595 -85.364 21.426 0.335 2.067 40.00 265 1000 1.0e+11 1.0e+11
-11.655 -82.568 7.614 0.189 2.563 40.00 0 1000 1.0e+11 1.0e+11
-11.786 -83.319 12.803 0.237 2.315 40.00 286 1000 1.0e+11 1.0e+11
-11.961 -99.491 47.235 0.716 1.819 40.00 0 1000 1.0e+11 1.0e+11
-12.244 -82.568 6.626 0.189 2.646 40.00 0 1000 1.0e+11 1.0e+11
-12.431 -91.889 36.210 0.542 1.901 40.00 0 1000 1.0e+11 1.0e+11
-12.583 -88.186 28.685 0.436 1.984 40.00 237 1000 1.0e+11 1.0e+11
-12.749 -82.568 5.592 0.189 2.728 40.00 0 1000 1.0e+11 1.0e+11
-12.803 -83.319 11.786 0.237 2.398 40.00 251 1000 1.0e+11 1.0e+11
-12.816 -102.723 50.608 0.780 1.819 40.00 0 1000 1.0e+11 1.0e+11
-12.826 -84.249 16.479 0.285 2.232 40.00 277 1000 1.0e+11 1.0e+11
-13.167 -82.568 4.520 0.189 2.811 40.00 0 1000 1.0e+11 1.0e+11
-13.252 -86.672 24.487 0.385 2.067 40.00 304 1000 1.0e+11 1.0e+11
-13.325 -85.364 20.396 0.335 2.150 40.00 299 1000 1.0e+11 1.0e+11
-13.496 -82.568 3.418 0.189 2.894 40.00 0 1000 1.0e+11 1.0e+11
-13.561 -94.120 39.502 0.598 1.901 40.00 263 1000 1.0e+11 1.0e+11
-13.670 -106.413 53.982 0.849 1.819 40.00 0 1000 1.0e+11 1.0e+11
-13.732 -82.568 2.291 0.189 2.976 40.00 306 1000 1.0e+11 1.0e+11
-13.733 -83.319 10.689 0.237 2.480 40.00 288 1000 1.0e+11 1.0e+11
-13.874 -82.568 1.150 0.189 3.059 40.00 352 1000 1.0e+11 1.0e+11
-13.922 -82.568 0.000 0.189 3.142 40.00 305 1000 1.0e+11 1.0e+11
-13.981 -89.919 31.873 0.488 1.984 40.00 0 1000 1.0e+11 1.0e+11
-1.398 -81.332 3.187 0.047 1.984 40.00 291 1000 1.0e+11 1.0e+11
-14.143 -84.249 15.364 0.285 2.315 40.00 309 1000 1.0e+11 1.0e+11
-1.437 -83.319 17.343 0.237 1.653 40.00 0 1000 1.0e+11 1.0e+11
-14.525 -110.674 57.356 0.923 1.819 40.00 0 1000 1.0e+11 1.0e+11
-14.568 -83.319 9.518 0.237 2.563 40.00 0 1000 1.0e+11 1.0e+11
-14.691 -96.641 42.794 0.656 1.901 40.00 251 1000 1.0e+11 1.0e+11
-14.908 -88.186 27.548 0.436 2.067 40.00 245 1000 1.0e+11 1.0e+11
-14.964 -85.364 19.226 0.335 2.232 40.00 283 1000 1.0e+11 1.0e+11
-15.229 -86.672 23.309 0.385 2.150 40.00 321 1000 1.0e+11 1.0e+11
-15.305 -83.319 8.282 0.237 2.646 40.00 0 1000 1.0e+11 1.0e+11
-15.364 -84.249 14.143 0.285 2.398 40.00 272 1000 1.0e+11 1.0e+11
-15.379 -115.689 60.730 1.005 1.819 40.00 0 1000 1.0e+11 1.0e+11
-15.379 -91.889 35.060 0.542 1.984 40.00 311 1000 1.0e+11 1.0e+11
-15.821 -99.491 46.086 0.716 1.901 40.00 1 1000 1.0e+11 1.0e+11
-15.936 -83.319 6.990 0.237 2.728 40.00 342 1000 1.0e+11 1.0e+11
-16.233 -121.793 64.104 1.100 1.819 40.00 0 1000 1.0e+11 1.0e+11
-16.459 -83.319 5.650 0.237 2.811 40.00 263 1000 1.0e+11 1.0e+11
-16.479 -84.249 12.826 0.285 2.480 40.00 240 1000 1.0e+11 1.0e+11
-16.500 -85.364 17.924 0.335 2.315 40.00 276 1000 1.0e+11 1.0e+11
-16.565 -89.919 30.609 0.488 2.067 40.00 0 1000 1.0e+11 1.0e+11
-1.656 -81.332 3.061 0.047 2.067 40.00 279 1000 1.0e+11 1.0e+11
-16.777 -94.120 38.247 0.598 1.984 40.00 321 1000 1.0e+11 1.0e+11
-16.869 -83.319 4.272 0.237 2.894 40.00 303 1000 1.0e+11 1.0e+11
-16.951 -102.723 49.377 0.780 1.901 40.00 0 1000 1.0e+11 1.0e+11
-1.709 -81.577 6.748 0.094 1.819 40.00 293 1000 1.0e+11 1.0e+11
-17.102 -86.672 21.972 0.385 2.232 40.00 290 1000 1.0e+11 1.0e+11
-17.132 -88.186 26.223 0.436 2.150 40.00 239 1000 1.0e+11 1.0e+11
-17.165 -83.319 2.864 0.237 2.976 40.00 293 1000 1.0e+11 1.0e+11
-1.719 -81.988 10.299 0.141 1.736 40.00 334 1000 1.0e+11 1.0e+11
-1.724 -84.249 20.811 0.285 1.653 40.00 327 1000 1.0e+11 1.0e+11
-17.343 -83.319 1.437 0.237 3.059 40.00 283 1000 1.0e+11 1.0e+11
-17.402 -83.319 0.000 0.237 3.142 40.00 266 1000 1.0e+11 1.0e+11
-17.482 -84.249 11.422 0.285 2.563 40.00 332 1000 1.0e+11 1.0e+11
-17.924 -85.364 16.500 0.335 2.398 40.00 276 1000 1.0e+11 1.0e+11
-18.081 -106.413 52.669 0.849 1.901 40.00 0 1000 1.0e+11 1.0e+11
-18.175 -96.641 41.434 0.656 1.984 40.00 298 1000 1.0e+11 1.0e+11
-18.221 -91.889 33.670 0.542 2.067 40.00 287 1000 1.0e+11 1.0e+11
-18.366 -84.249 9.939 0.285 2.646 40.00 0 1000 1.0e+11 1.0e+11
-18.858 -86.672 20.485 0.385 2.315 40.00 288 1000 1.0e+11 1.0e+11
-19.036 -89.919 29.137 0.488 2.150 40.00 0 1000 1.0e+11 1.0e+11
-1.904 -81.332 2.914 0.047 2.150 40.00 275 1000 1.0e+11 1.0e+11
-19.124 -84.249 8.388 0.285 2.728 40.00 306 1000 1.0e+11 1.0e+11
-19.211 -110.674 55.961 0.923 1.901 40.00 0 1000 1.0e+11 1.0e+11
-19.226 -85.364 14.964 0.335 2.480 40.00 277 1000 1.0e+11 1.0e+11
-19.239 -88.186 24.719 0.436 2.232 40.00 299 1000 1.0e+11 1.0e+11
-19.573 -99.491 44.622 0.716 1.984 40.00 295 1000 1.0e+11 1.0e+11
-19.751 -84.249 6.781 0.285 2.811 40.00 270 1000 1.0e+11 1.0e+11
-19.878 -94.120 36.731 0.598 2.067 40.00 275 1000 1.0e+11 1.0e+11
-2.012 -85.364 24.280 0.335 1.653 40.00 329 1000 1.0e+11 1.0e+11
-20.243 -84.249 5.126 0.285 2.894 40.00 294 1000 1.0e+11 1.0e+11
-20.342 -115.689 59.253 1.005 1.901 40.00 0 1000 1.0e+11 1.0e+11
-20.396 -85.364 13.325 0.335 2.563 40.00 0 1000 1.0e+11 1.0e+11
-20.485 -86.672 18.858 0.385 2.398 40.00 279 1000 1.0e+11 1.0e+11
-20.598 -84.249 3.437 0.285 2.976 40.00 282 1000 1.0e+11 1.0e+11
-20.811 -84.249 1.724 0.285 3.059 40.00 264 1000 1.0e+11 1.0e+11
-20.882 -84.249 0.000 0.285 3.142 40.00 308 1000 1.0e+11 1.0e+11
-20.940 -91.889 32.050 0.542 2.150 40.00 257 1000 1.0e+11 1.0e+11
-20.971 -102.723 47.809 0.780 1.984 40.00 0 1000 1.0e+11 1.0e+11
-21.215 -88.186 23.046 0.436 2.315 40.00 299 1000 1.0e+11 1.0e+11
-21.377 -89.919 27.465 0.488 2.232 40.00 0 1000 1.0e+11 1.0e+11
-2.138 -81.332 2.747 0.047 2.232 40.00 268 1000 1.0e+11 1.0e+11
-21.426 -85.364 11.595 0.335 2.646 40.00 0 1000 1.0e+11 1.0e+11
-21.472 -121.793 62.545 1.100 1.901 40.00 0 1000 1.0e+11 1.0e+11
-21.534 -96.641 39.792 0.656 2.067 40.00 283 1000 1.0e+11 1.0e+11
-21.972 -86.672 17.102 0.385 2.480 40.00 0 1000 1.0e+11 1.0e+11
-22.311 -85.364 9.786 0.335 2.728 40.00 316 1000 1.0e+11 1.0e+11
-22.369 -106.413 50.996 0.849 1.984 40.00 1 1000 1.0e+11 1.0e+11
-2.260 -81.577 6.584 0.094 1.901 40.00 288 1000 1.0e+11 1.0e+11
-22.843 -94.120 34.964 0.598 2.150 40.00 288 1000 1.0e+11 1.0e+11
-2.291 -82.568 13.732 0.189 1.736 40.00 0 1000 1.0e+11 1.0e+11
-2.299 -86.672 27.748 0.385 1.653 40.00 0 1000 1.0e+11 1.0e+11
-23.043 -85.364 7.911 0.335 2.811 40.00 301 1000 1.0e+11 1.0e+11
-23.046 -88.186 21.215 0.436 2.398 40.00 0 1000 1.0e+11 1.0e+11
-23.191 -99.491 42.853 0.716 2.067 40.00 278 1000 1.0e+11 1.0e+11
-23.309 -86.672 15.229 0.385 2.563 40.00 0 1000 1.0e+11 1.0e+11
-23.515 -91.889 30.212 0.542 2.232 40.00 293 1000 1.0e+11 1.0e+11
-23.572 -89.919 25.606 0.488 2.315 40.00 0 1000 1.0e+11 1.0e+11
-2.357 -81.332 2.561 0.047 2.315 40.00 290 1000 1.0e+11 1.0e+11
-23.617 -85.364 5.981 0.335 2.894 40.00 274 1000 1.0e+11 1.0e+11
-23.767 -110.674 54.183 0.923 1.984 40.00 0 1000 1.0e+11 1.0e+11
-24.031 -85.364 4.010 0.335 2.976 40.00 288 1000 1.0e+11 1.0e+11
-24.280 -85.364 2.012 0.335 3.059 40.00 272 1000 1.0e+11 1.0e+11
-24.363 -85.364 0.000 0.335 3.142 40.00 288 1000 1.0e+11 1.0e+11
-24.487 -86.672 13.252 0.385 2.646 40.00 0 1000 1.0e+11 1.0e+11
-24.719 -88.186 19.239 0.436 2.480 40.00 0 1000 1.0e+11 1.0e+11
-24.747 -96.641 37.878 0.656 2.150 40.00 258 1000 1.0e+11 1.0e+11
-24.847 -102.723 45.914 0.780 2.067 40.00 0 1000 1.0e+11 1.0e+11
-25.165 -115.689 57.371 1.005 1.984 40.00 0 1000 1.0e+11 1.0e+11
-25.498 -86.672 11.184 0.385 2.728 40.00 0 1000 1.0e+11 1.0e+11
-25.606 -89.919 23.572 0.488 2.398 40.00 0 1000 1.0e+11 1.0e+11
-2.561 -81.332 2.357 0.047 2.398 40.00 288 1000 1.0e+11 1.0e+11
-2.563 -81.988 10.122 0.141 1.819 40.00 336 1000 1.0e+11 1.0e+11
-25.652 -94.120 32.958 0.598 2.232 40.00 303 1000 1.0e+11 1.0e+11
-2.587 -88.186 31.217 0.436 1.653 40.00 0 1000 1.0e+11 1.0e+11
-25.929 -91.889 28.167 0.542 2.315 40.00 0 1000 1.0e+11 1.0e+11
-26.223 -88.186 17.132 0.436 2.563 40.00 0 1000 1.0e+11 1.0e+11
-26.335 -86.672 9.041 0.385 2.811 40.00 291 1000 1.0e+11 1.0e+11
-26.504 -106.413 48.975 0.849 2.067 40.00 0 1000 1.0e+11 1.0e+11
-26.563 -121.793 60.558 1.100 1.984 40.00 1 1000 1.0e+11 1.0e+11
-26.650 -99.491 40.791 0.716 2.150 40.00 300 1000 1.0e+11 1.0e+11
-26.991 -86.672 6.835 0.385 2.894 40.00 292 1000 1.0e+11 1.0e+11
-27.463 -86.672 4.583 0.385 2.976 40.00 318 1000 1.0e+11 1.0e+11
-27.465 -89.919 21.377 0.488 2.480 40.00 0 1000 1.0e+11 1.0e+11
-2.747 -81.332 2.138 0.047 2.480 40.00 266 1000 1.0e+11 1.0e+11
-27.548 -88.186 14.908 0.436 2.646 40.00 0 1000 1.0e+11 1.0e+11
-27.748 -86.672 2.299 0.385 3.059 40.00 303 1000 1.0e+11 1.0e+11
-27.790 -96.641 35.705 0.656 2.232 40.00 300 1000 1.0e+11 1.0e+11
-27.843 -86.672 0.000 0.385 3.142 40.00 313 1000 1.0e+11 1.0e+11
-2.796 -81.577 6.375 0.094 1.984 40.00 274 1000 1.0e+11 1.0e+11
-28.160 -110.674 52.036 0.923 2.067 40.00 0 1000 1.0e+11 1.0e+11
-28.167 -91.889 25.929 0.542 2.398 40.00 0 1000 1.0e+11 1.0e+11
-28.287 -94.120 30.727 0.598 2.315 40.00 300 1000 1.0e+11 1.0e+11
-28.554 -102.723 43.705 0.780 2.150 40.00 0 1000 1.0e+11 1.0e+11
-2.864 -83.319 17.165 0.237 1.736 40.00 279 1000 1.0e+11 1.0e+11
-28.685 -88.186 12.583 0.436 2.728 40.00 0 1000 1.0e+11 1.0e+11
-2.874 -89.919 34.685 0.488 1.653 40.00 0 1000 1.0e+11 1.0e+11
-29.137 -89.919 19.036 0.488 2.563 40.00 0 1000 1.0e+11 1.0e+11
-2.914 -81.332 1.904 0.047 2.563 40.00 269 1000 1.0e+11 1.0e+11
-29.626 -88.186 10.171 0.436 2.811 40.00 0 1000 1.0e+11 1.0e+11
-29.817 -115.689 55.097 1.005 2.067 40.00 0 1000 1.0e+11 1.0e+11
-29.928 -99.491 38.451 0.716 2.232 40.00 262 1000 1.0e+11 1.0e+11
-30.212 -91.889 23.515 0.542 2.480 40.00 285 1000 1.0e+11 1.0e+11
-30.365 -88.186 7.689 0.436 2.894 40.00 0 1000 1.0e+11 1.0e+11
-30.458 -106.413 46.619 0.849 2.150 40.00 0 1000 1.0e+11 1.0e+11
-30.609 -89.919 16.565 0.488 2.646 40.00 0 1000 1.0e+11 1.0e+11
-3.061 -81.332 1.656 0.047 2.646 40.00 278 1000 1.0e+11 1.0e+11
-30.644 -96.641 33.288 0.656 2.315 40.00 310 1000 1.0e+11 1.0e+11
-30.727 -94.120 28.287 0.598 2.398 40.00 322 1000 1.0e+11 1.0e+11
-30.896 -88.186 5.156 0.436 2.976 40.00 317 1000 1.0e+11 1.0e+11
-31.217 -88.186 2.587 0.436 3.059 40.00 262 1000 1.0e+11 1.0e+11
-31.324 -88.186 0.000 0.436 3.142 40.00 255 1000 1.0e+11 1.0e+11
-31.473 -121.793 58.157 1.100 2.067 40.00 0 1000 1.0e+11 1.0e+11
-3.162 -91.889 38.154 0.542 1.653 40.00 280 1000 1.0e+11 1.0e+11
-31.873 -89.919 13.981 0.488 2.728 40.00 0 1000 1.0e+11 1.0e+11
-3.187 -81.332 1.398 0.047 2.728 40.00 300 1000 1.0e+11 1.0e+11
-32.050 -91.889 20.940 0.542 2.563 40.00 285 1000 1.0e+11 1.0e+11
-32.066 -102.723 41.198 0.780 2.232 40.00 0 1000 1.0e+11 1.0e+11
-32.361 -110.674 49.532 0.923 2.150 40.00 0 1000 1.0e+11 1.0e+11
-32.918 -89.919 11.301 0.488 2.811 40.00 0 1000 1.0e+11 1.0e+11
-3.292 -81.332 1.130 0.047 2.811 40.00 273 1000 1.0e+11 1.0e+11
-32.958 -94.120 25.652 0.598 2.480 40.00 290 1000 1.0e+11 1.0e+11
-33.001 -99.491 35.849 0.716 2.315 40.00 0 1000 1.0e+11 1.0e+11
-3.313 -81.577 6.122 0.094 2.067 40.00 296 1000 1.0e+11 1.0e+11
-33.288 -96.641 30.644 0.656 2.398 40.00 322 1000 1.0e+11 1.0e+11
-33.670 -91.889 18.221 0.542 2.646 40.00 281 1000 1.0e+11 1.0e+11
-33.739 -89.919 8.544 0.488 2.894 40.00 0 1000 1.0e+11 1.0e+11
-3.374 -81.332 0.854 0.047 2.894 40.00 283 1000 1.0e+11 1.0e+11
-3.390 -81.988 9.875 0.141 1.901 40.00 340 1000 1.0e+11 1.0e+11
-3.418 -82.568 13.496 0.189 1.819 40.00 0 1000 1.0e+11 1.0e+11
-34.203 -106.413 43.944 0.849 2.232 40.00 0 1000 1.0e+11 1.0e+11
-34.265 -115.689 52.446 1.005 2.150 40.00 0 1000 1.0e+11 1.0e+11
-34.329 -89.919 5.729 0.488 2.976 40.00 0 1000 1.0e+11 1.0e+11
-3.433 -81.332 0.573 0.047 2.976 40.00 293 1000 1.0e+11 1.0e+11
-3.437 -84.249 20.598 0.285 1.736 40.00 283 1000 1.0e+11 1.0e+11
-3.449 -94.120 41.622 0.598 1.653 40.00 291 1000 1.0e+11 1.0e+11
-34.685 -89.919 2.874 0.488 3.059 40.00 0 1000 1.0e+11 1.0e+11
-3.469 -81.332 0.287 0.047 3.059 40.00 277 1000 1.0e+11 1.0e+11
-34.804 -89.919 0.000 0.488 3.142 40.00 0 1000 1.0e+11 1.0e+11
-3.480 -81.332 0.000 0.047 3.142 40.00 293 1000 1.0e+11 1.0e+11
-34.964 -94.120 22.843 0.598 2.563 40.00 287 1000 1.0e+11 1.0e+11
-35.060 -91.889 15.379 0.542 2.728 40.00 219 1000 1.0e+11 1.0e+11
-35.358 -102.723 38.409 0.780 2.315 40.00 0 1000 1.0e+11 1.0e+11
-35.705 -96.641 27.790 0.656 2.480 40.00 299 1000 1.0e+11 1.0e+11
-35.849 -99.491 33.001 0.716 2.398 40.00 0 1000 1.0e+11 1.0e+11
-36.168 -121.793 55.360 1.100 2.150 40.00 0 1000 1.0e+11 1.0e+11
-36.210 -91.889 12.431 0.542 2.811 40.00 0 1000 1.0e+11 1.0e+11
-36.341 -110.674 46.691 0.923 2.232 40.00 0 1000 1.0e+11 1.0e+11
-36.731 -94.120 19.878 0.598 2.646 40.00 262 1000 1.0e+11 1.0e+11
-37.113 -91.889 9.398 0.542 2.894 40.00 0 1000 1.0e+11 1.0e+11
-3.736 -96.641 45.091 0.656 1.653 40.00 291 1000 1.0e+11 1.0e+11
-37.715 -106.413 40.970 0.849 2.315 40.00 0 1000 1.0e+11 1.0e+11
-37.762 -91.889 6.301 0.542 2.976 40.00 315 1000 1.0e+11 1.0e+11
-37.878 -96.641 24.747 0.656 2.563 40.00 286 1000 1.0e+11 1.0e+11
-3.807 -81.577 5.827 0.094 2.150 40.00 270 1000 1.0e+11 1.0e+11
-38.154 -91.889 3.162 0.542 3.059 40.00 298 1000 1.0e+11 1.0e+11
-38.247 -94.120 16.777 0.598 2.728 40.00 309 1000 1.0e+11 1.0e+11
-38.284 -91.889 0.000 0.542 3.142 40.00 291 1000 1.0e+11 1.0e+11
-38.409 -102.723 35.358 0.780 2.398 40.00 0 1000 1.0e+11 1.0e+11
-38.451 -99.491 29.928 0.716 2.480 40.00 237 1000 1.0e+11 1.0e+11
-38.479 -115.689 49.437 1.005 2.232 40.00 0 1000 1.0e+11 1.0e+11
-39.502 -94.120 13.561 0.598 2.811 40.00 257 1000 1.0e+11 1.0e+11
-39.792 -96.641 21.534 0.656 2.646 40.00 286 1000 1.0e+11 1.0e+11
-40.073 -110.674 43.530 0.923 2.315 40.00 0 1000 1.0e+11 1.0e+11
-4.010 -85.364 24.031 0.335 1.736 40.00 283 1000 1.0e+11 1.0e+11
-4.024 -99.491 48.559 0.716 1.653 40.00 273 1000 1.0e+11 1.0e+11
-40.487 -94.120 10.253 0.598 2.894 40.00 0 1000 1.0e+11 1.0e+11
-40.616 -121.793 52.184 1.100 2.232 40.00 0 1000 1.0e+11 1.0e+11
-40.791 -99.491 26.650 0.716 2.563 40.00 279 1000 1.0e+11 1.0e+11
-40.970 -106.413 37.715 0.849 2.398 40.00 0 1000 1.0e+11 1.0e+11
-41.195 -94.120 6.874 0.598 2.976 40.00 295 1000 1.0e+11 1.0e+11
-41.198 -102.723 32.066 0.780 2.480 40.00 0 1000 1.0e+11 1.0e+11
-41.434 -96.641 18.175 0.656 2.728 40.00 309 1000 1.0e+11 1.0e+11
-41.622 -94.120 3.449 0.598 3.059 40.00 280 1000 1.0e+11 1.0e+11
-41.765 -94.120 0.000 0.598 3.142 40.00 276 1000 1.0e+11 1.0e+11
-4.194 -81.988 9.562 0.141 1.984 40.00 325 1000 1.0e+11 1.0e+11
-42.430 -115.689 46.091 1.005 2.315 40.00 0 1000 1.0e+11 1.0e+11
-4.272 -83.319 16.869 0.237 1.819 40.00 287 1000 1.0e+11 1.0e+11
-4.275 -81.577 5.493 0.094 2.232 40.00 282 1000 1.0e+11 1.0e+11
-42.794 -96.641 14.691 0.656 2.811 40.00 279 1000 1.0e+11 1.0e+11
-42.853 -99.491 23.191 0.716 2.646 40.00 282 1000 1.0e+11 1.0e+11
-4.311 -102.723 52.028 0.780 1.653 40.00 0 1000 1.0e+11 1.0e+11
-43.530 -110.674 40.073 0.923 2.398 40.00 0 1000 1.0e+11 1.0e+11
-43.705 -102.723 28.554 0.780 2.563 40.00 0 1000 1.0e+11 1.0e+11
-43.861 -96.641 11.107 0.656 2.894 40.00 0 1000 1.0e+11 1.0e+11
-43.944 -106.413 34.203 0.849 2.480 40.00 0 1000 1.0e+11 1.0e+11
-44.622 -99.491 19.573 0.716 2.728 40.00 289 1000 1.0e+11 1.0e+11
-44.628 -96.641 7.447 0.656 2.976 40.00 274 1000 1.0e+11 1.0e+11
-44.787 -121.793 48.652 1.100 2.315 40.00 0 1000 1.0e+11 1.0e+11
-45.091 -96.641 3.736 0.656 3.059 40.00 303 1000 1.0e+11 1.0e+11
-4.520 -82.568 13.167 0.189 1.901 40.00 339 1000 1.0e+11 1.0e+11
-45.245 -96.641 0.000 0.656 3.142 40.00 278 1000 1.0e+11 1.0e+11
-4.583 -86.672 27.463 0.385 1.736 40.00 329 1000 1.0e+11 1.0e+11
-45.914 -102.723 24.847 0.780 2.646 40.00 0 1000 1.0e+11 1.0e+11
-4.599 -106.413 55.496 0.849 1.653 40.00 1 1000 1.0e+11 1.0e+11
-46.086 -99.491 15.821 0.716 2.811 40.00 0 1000 1.0e+11 1.0e+11
-46.091 -115.689 42.430 1.005 2.398 40.00 0 1000 1.0e+11 1.0e+11
-46.619 -106.413 30.458 0.849 2.563 40.00 0 1000 1.0e+11 1.0e+11
-46.691 -110.674 36.341 0.923 2.480 40.00 0 1000 1.0e+11 1.0e+11
-4.714 -81.577 5.121 0.094 2.315 40.00 272 1000 1.0e+11 1.0e+11
-47.235 -99.491 11.961 0.716 2.894 40.00 0 1000 1.0e+11 1.0e+11
-47.809 -102.723 20.971 0.780 2.728 40.00 0 1000 1.0e+11 1.0e+11
-48.061 -99.491 8.020 0.716 2.976 40.00 306 1000 1.0e+11 1.0e+11
-48.559 -99.491 4.024 0.716 3.059 40.00 274 1000 1.0e+11 1.0e+11
-48.652 -121.793 44.787 1.100 2.398 40.00 0 1000 1.0e+11 1.0e+11
-48.726 -99.491 0.000 0.716 3.142 40.00 321 1000 1.0e+11 1.0e+11
-4.886 -110.674 58.965 0.923 1.653 40.00 0 1000 1.0e+11 1.0e+11
-48.975 -106.413 26.504 0.849 2.646 40.00 0 1000 1.0e+11 1.0e+11
-49.377 -102.723 16.951 0.780 2.811 40.00 0 1000 1.0e+11 1.0e+11
-49.437 -115.689 38.479 1.005 2.480 40.00 0 1000 1.0e+11 1.0e+11
-49.532 -110.674 32.361 0.923 2.563 40.00 0 1000 1.0e+11 1.0e+11
-4.969 -81.988 9.183 0.141 2.067 40.00 337 1000 1.0e+11 1.0e+11
-50.608 -102.723 12.816 0.780 2.894 40.00 0 1000 1.0e+11 1.0e+11
-50.996 -106.413 22.369 0.849 2.728 40.00 0 1000 1.0e+11 1.0e+11
-5.121 -81.577 4.714 0.094 2.398 40.00 276 1000 1.0e+11 1.0e+11
-5.126 -84.249 20.243 0.285 1.819 40.00 300 1000 1.0e+11 1.0e+11
-51.494 -102.723 8.593 0.780 2.976 40.00 0 1000 1.0e+11 1.0e+11
-5.156 -88.186 30.896 0.436 1.736 40.00 0 1000 1.0e+11 1.0e+11
-5.173 -115.689 62.433 1.005 1.653 40.00 0 1000 1.0e+11 1.0e+11
-52.028 -102.723 4.311 0.780 3.059 40.00 0 1000 1.0e+11 1.0e+11
-52.036 -110.674 28.160 0.923 2.646 40.00 0 1000 1.0e+11 1.0e+11
-52.184 -121.793 40.616 1.100 2.480 40.00 0 1000 1.0e+11 1.0e+11
-52.206 -102.723 0.000 0.780 3.142 40.00 333 1000 1.0e+11 1.0e+11
-52.446 -115.689 34.265 1.005 2.563 40.00 0 1000 1.0e+11 1.0e+11
-52.669 -106.413 18.081 0.849 2.811 40.00 0 1000 1.0e+11 1.0e+11
-53.982 -106.413 13.670 0.849 2.894 40.00 0 1000 1.0e+11 1.0e+11
-54.183 -110.674 23.767 0.923 2.728 40.00 0 1000 1.0e+11 1.0e+11
-5.461 -121.793 65.902 1.100 1.653 40.00 0 1000 1.0e+11 1.0e+11
-54.927 -106.413 9.166 0.849 2.976 40.00 0 1000 1.0e+11 1.0e+11
-5.493 -81.577 4.275 0.094 2.480 40.00 281 1000 1.0e+11 1.0e+11
-55.097 -115.689 29.817 1.005 2.646 40.00 0 1000 1.0e+11 1.0e+11
-55.360 -121.793 36.168 1.100 2.563 40.00 0 1000 1.0e+11 1.0e+11
-55.496 -106.413 4.599 0.849 3.059 40.00 0 1000 1.0e+11 1.0e+11
-55.686 -106.413 0.000 0.849 3.142 40.00 0 1000 1.0e+11 1.0e+11
-5.592 -82.568 12.749 0.189 1.984 40.00 317 1000 1.0e+11 1.0e+11
-55.961 -110.674 19.211 0.923 2.811 40.00 0 1000 1.0e+11 1.0e+11
-5.650 -83.319 16.459 0.237 1.901 40.00 296 1000 1.0e+11 1.0e+11
-5.711 -81.988 8.741 0.141 2.150 40.00 324 1000 1.0e+11 1.0e+11
-5.729 -89.919 34.329 0.488 1.736 40.00 0 1000 1.0e+11 1.0e+11
-57.356 -110.674 14.525 0.923 2.894 40.00 0 1000 1.0e+11 1.0e+11
-57.371 -115.689 25.165 1.005 2.728 40.00 0 1000 1.0e+11 1.0e+11
-58.157 -121.793 31.473 1.100 2.646 40.00 0 1000 1.0e+11 1.0e+11
-5.827 -81.577 3.807 0.094 2.563 40.00 266 1000 1.0e+11 1.0e+11
-58.360 -110.674 9.739 0.923 2.976 40.00 0 1000 1.0e+11 1.0e+11
-58.965 -110.674 4.886 0.923 3.059 40.00 0 1000 1.0e+11 1.0e+11
-59.167 -110.674 0.000 0.923 3.142 40.00 0 1000 1.0e+11 1.0e+11
-59.253 -115.689 20.342 1.005 2.811 40.00 0 1000 1.0e+11 1.0e+11
-5.981 -85.364 23.617 0.335 1.819 40.00 290 1000 1.0e+11 1.0e+11
-60.558 -121.793 26.563 1.100 2.728 40.00 0 1000 1.0e+11 1.0e+11
-60.730 -115.689 15.379 1.005 2.894 40.00 0 1000 1.0e+11 1.0e+11
-6.122 -81.577 3.313 0.094 2.646 40.00 284 1000 1.0e+11 1.0e+11
-61.793 -115.689 10.311 1.005 2.976 40.00 1 1000 1.0e+11 1.0e+11
-62.433 -115.689 5.173 1.005 3.059 40.00 7 1000 1.0e+11 1.0e+11
-62.545 -121.793 21.472 1.100 2.811 40.00 0 1000 1.0e+11 1.0e+11
-62.647 -115.689 0.000 1.005 3.142 40.00 0 1000 1.0e+11 1.0e+11
-6.301 -91.889 37.762 0.542 1.736 40.00 347 1000 1.0e+11 1.0e+11
-6.375 -81.577 2.796 0.094 2.728 40.00 273 1000 1.0e+11 1.0e+11
-64.104 -121.793 16.233 1.100 2.894 40.00 1 1000 1.0e+11 1.0e+11
-6.413 -81.988 8.240 0.141 2.232 40.00 342 1000 1.0e+11 1.0e+11
-65.226 -121.793 10.884 1.100 2.976 40.00 0 1000 1.0e+11 1.0e+11
-6.584 -81.577 2.260 0.094 2.811 40.00 277 1000 1.0e+11 1.0e+11
-65.902 -121.793 5.461 1.100 3.059 40.00 0 1000 1.0e+11 1.0e+11
-66.128 -121.793 0.000 1.100 3.142 40.00 0 1000 1.0e+11 1.0e+11
-6.626 -82.568 12.244 0.189 2.067 40.00 319 1000 1.0e+11 1.0e+11
-6.748 -81.577 1.709 0.094 2.894 40.00 282 1000 1.0e+11 1.0e+11
-6.781 -84.249 19.751 0.285 1.901 40.00 291 1000 1.0e+11 1.0e+11
-6.835 -86.672 26.991 0.385 1.819 40.00 278 1000 1.0e+11 1.0e+11
-6.866 -81.577 1.146 0.094 2.976 40.00 274 1000 1.0e+11 1.0e+11
-6.874 -94.120 41.195 0.598 1.736 40.00 271 1000 1.0e+11 1.0e+11
-6.937 -81.577 0.575 0.094 3.059 40.00 290 1000 1.0e+11 1.0e+11
-6.961 -81.577 0.000 0.094 3.142 40.00 280 1000 1.0e+11 1.0e+11
-6.990 -83.319 15.936 0.237 1.984 40.00 278 1000 1.0e+11 1.0e+11
-7.072 -81.988 7.682 0.141 2.315 40.00 343 1000 1.0e+11 1.0e+11
-7.447 -96.641 44.628 0.656 1.736 40.00 293 1000 1.0e+11 1.0e+11
-7.614 -82.568 11.655 0.189 2.150 40.00 319 1000 1.0e+11 1.0e+11
-7.682 -81.988 7.072 0.141 2.398 40.00 339 1000 1.0e+11 1.0e+11
-7.689 -88.186 30.365 0.436 1.819 40.00 0 1000 1.0e+11 1.0e+11
-7.911 -85.364 23.043 0.335 1.901 40.00 296 1000 1.0e+11 1.0e+11
-8.020 -99.491 48.061 0.716 1.736 40.00 293 1000 1.0e+11 1.0e+11
-8.240 -81.988 6.413 0.141 2.480 40.00 345 1000 1.0e+11 1.0e+11
-8.282 -83.319 15.305 0.237 2.067 40.00 295 1000 1.0e+11 1.0e+11
-8.388 -84.249 19.124 0.285 1.984 40.00 280 1000 1.0e+11 1.0e+11
-8.544 -89.919 33.739 0.488 1.819 40.00 0 1000 1.0e+11 1.0e+11
-8.551 -82.568 10.986 0.189 2.232 40.00 348 1000 1.0e+11 1.0e+11
-8.593 -102.723 51.494 0.780 1.736 40.00 0 1000 1.0e+11 1.0e+11
-8.741 -81.988 5.711 0.141 2.563 40.00 329 1000 1.0e+11 1.0e+11
-9.041 -86.672 26.335 0.385 1.901 40.00 265 1000 1.0e+11 1.0e+11
-9.166 -106.413 54.927 0.849 1.736 40.00 0 1000 1.0e+11 1.0e+11
-9.183 -81.988 4.969 0.141 2.646 40.00 320 1000 1.0e+11 1.0e+11
-9.398 -91.889 37.113 0.542 1.819 40.00 0 1000 1.0e+11 1.0e+11
-9.429 -82.568 10.242 0.189 2.315 40.00 344 1000 1.0e+11 1.0e+11
-9.518 -83.319 14.568 0.237 2.150 40.00 289 1000 1.0e+11 1.0e+11
-9.562 -81.988 4.194 0.141 2.728 40.00 334 1000 1.0e+11 1.0e+11
-9.739 -110.674 58.360 0.923 1.736 40.00 0 1000 1.0e+11 1.0e+11
-9.786 -85.364 22.311 0.335 1.984 40.00 290 1000 1.0e+11 1.0e+11
-9.875 -81.988 3.390 0.141 2.811 40.00 337 1000 1.0e+11 1.0e+11
-9.939 -84.249 18.366 0.285 2.067 40.00 282 1000 1.0e+11 1.0e+11
